адаптивный 42 52
видео 1 2 3 4 5 6 7 8 9 10 11 12 13 14 15 16 17 18 19 20 21 22 23 24 25 26 27 28 29 30 31 32 33 34 35 36 37 38 39 40 41 42 43 44 45 46 47 48 49 50 51 52 53 54 55 56 57 58 59 60 61 62 63 64 65 66 67 68 69 70 71 72 73 74 75 76 77 78 79 80 81 82 83 84 85 86 87 88 89 90 91 92 93 94 95 96 97 98 99 100 101
появиться 1 4
возможность 1 2 3 4 5 6 7 8 9 10 11 12 13 14 15 16 17 18 19 20 21 22 23 24 25 26 27 28 29 30 31 32 33 34 35 36 37 38 39 40 41 42 43 44 45 46 47 48 49 50 51 52 53 54 55 56 57 58 59 60 61 62 63 64 65 66 67 68 69 70 71 72 73 74 75 76 77 78 79 80 81 82 83 84 85 86 87 88 89 90 91 92 93 94 95 96 97 98 99 100 101
сюда 1 2 3 4 5 6 7 8 9 10 11 12 13 14 15 16 17 18 19 20 21 22 23 24 25 26 27 28 29 30 31 32 33 34 35 36 37 38 39 40 41 42 43 44 45 46 47 48 49 50 51 52 53 54 55 56 57 58 59 60 61 62 63 64 65 66 67 68 69 70 71 72 73 74 75 76 77 78 79 80 81 82 83 84 85 86 87 88 89 90 91 92 93 94 95 96 97 98 99 100 101
лыжа 1 4
сортировка 2 7
интерфейс 20 43 46
отдельность 42 46
кормление 1 4
спецификация 28 30 32 34 36 38 41 45 48 54 56 58 60 62 64
бок 46
ролик 1 4
доставка 3 8 9 10 11 20 21 22 23 24 26 42 43 46 49 50 51 52 65 66 67 68 69 70 71 86 96 97 98
обеспечить 20 42
телевика 46 52
топ 1 4
максимальный 8 9 10 11 52 86 96 98
способность 42 52 68 71
графика 42 46
комплектация 42 45 48 52 62 64 91 93 95 100
немой 50 52
зоотовар 1 4
история 2 7
точка 20 42 43 50 51 52
погружение 54 56 58 60
проекционный 1 4
внутриканальный 2 3
самсунг 8 10 20 42 43 50 51 52 86 98
док 52
снизиться 71
карта 1 3 4 8 9 10 11 12 13 14 15 16 17 18 19 20 21 22 23 24 25 26 27 28 29 30 31 32 33 34 35 36 37 38 39 40 41 42 43 44 45 46 47 48 49 50 51 52 53 54 55 56 57 58 59 60 61 62 63 64 65 66 67 68 69 70 71 72 73 74 75 76 77 78 79 80 81 82 83 84 85 86 87 88 89 90 91 92 93 94 95 96 97 98 99 100 101
сайт 1 2 3 4 5 6 7 8 9 10 11 12 13 14 15 16 17 18 19 20 21 22 23 24 25 26 27 28 29 30 31 32 33 34 35 36 37 38 39 40 41 42 43 44 45 46 47 48 49 50 51 52 53 54 55 56 57 58 59 60 61 62 63 64 65 66 67 68 69 70 71 72 73 74 75 76 77 78 79 80 81 82 83 84 85 86 87 88 89 90 91 92 93 94 95 96 97 98 99 100 101
возрастание 2 7
самара 8 10 20 24 26 42 43 50 51 52 65 66 67 68 69 70 71 86
стереозвук 13 15 17 19 28 30 32 34 36 38 41 45 48 54 56 58 60 62 64 73 75 77 79 81 83 85
накопитель 46
сравнимый 71
день 1 2 3 4 5 6 7 8 9 10 11 12 13 14 15 16 17 18 19 20 21 22 23 24 25 26 27 28 29 30 31 32 33 34 35 36 37 38 39 40 41 42 43 44 45 46 47 48 49 50 51 52 53 54 55 56 57 58 59 60 61 62 63 64 65 66 67 68 69 70 71 72 73 74 75 76 77 78 79 80 81 82 83 84 85 86 87 88 89 90 91 92 93 94 95 96 97 98 99 100 101
светосила 13 15 17 19 36 38 41 45 48 54 56 58 60 62 64 73 75 77 79 81 83 85 91 93 95 100
стаби 20 42 43 46
борт 42
плюс 43
провод 52
охватывать 1 2 3 4 5 6 7 8 9 10 11 12 13 14 15 16 17 18 19 20 21 22 23 24 25 26 27 28 29 30 31 32 33 34 35 36 37 38 39 40 41 42 43 44 45 46 47 48 49 50 51 52 53 54 55 56 57 58 59 60 61 62 63 64 65 66 67 68 69 70 71 72 73 74 75 76 77 78 79 80 81 82 83 84 85 86 87 88 89 90 91 92 93 94 95 96 97 98 99 100 101
горелка 1 4
мочь 1 4 52
один 68 71 73 75 77 79 81 83 85
скорый 1 2 3 4 5 6 7 8 9 10 11 12 13 14 15 16 17 18 19 20 21 22 23 24 25 26 27 28 29 30 31 32 33 34 35 36 37 38 39 40 41 42 43 44 45 46 47 48 49 50 51 52 53 54 55 56 57 58 59 60 61 62 63 64 65 66 67 68 69 70 71 72 73 74 75 76 77 78 79 80 81 82 83 84 85 86 87 88 89 90 91 92 93 94 95 96 97 98 99 100 101
медиаплеер 1 4
создатель 20 43 46
практически 42 68
покупать 52
соседний 52
чип 13 15 17 19 28 30 32 34 36 38 41 45 46 48 54 56 58 60 62 64 68 69 70 71 73 75 77 79 81 83 85 91 93 95 100
внутренний 42 52
туристический 1 2 3 4 5 6 7 8 9 10 11 12 13 14 15 16 17 18 19 20 21 22 23 24 25 26 27 28 29 30 31 32 33 34 35 36 37 38 39 40 41 42 43 44 45 46 47 48 49 50 51 52 53 54 55 56 57 58 59 60 61 62 63 64 65 66 67 68 69 70 71 72 73 74 75 76 77 78 79 80 81 82 83 84 85 86 87 88 89 90 91 92 93 94 95 96 97 98 99 100 101
вспышка 13 15 17 19 28 30 32 34 36 38 41 45 48 54 56 58 60 62 64 65 66 67 68 69 70 71 73 75 77 79 81 83 85 91 93 95 100
переработать 24
красный 98
вытяжка 1 4
декор 1 4
кондиционер 1 4
сдэк 8 9 10 20 22 24 42 43 50 52 65 66 67 68 69 70 71 86 97
полчаса 52
звуковой 68
принтер 1 4
конкретный 1 2 3 4 5 6 7 8 9 10 11 12 13 14 15 16 17 18 19 20 21 22 23 24 25 26 27 28 29 30 31 32 33 34 35 36 37 38 39 40 41 42 43 44 45 46 47 48 49 50 51 52 53 54 55 56 57 58 59 60 61 62 63 64 65 66 67 68 69 70 71 72 73 74 75 76 77 78 79 80 81 82 83 84 85 86 87 88 89 90 91 92 93 94 95 96 97 98 99 100 101
описание 1 2 3 4 5 6 7 8 9 10 11 12 13 14 15 16 17 18 19 20 21 22 23 24 25 26 27 28 29 30 31 32 33 34 35 36 37 38 39 40 41 42 43 44 45 46 47 48 49 50 51 52 53 54 55 56 57 58 59 60 61 62 63 64 65 66 67 68 69 70 71 72 73 74 75 76 77 78 79 80 81 82 83 84 85 86 87 88 89 90 91 92 93 94 95 96 97 98 99 100 101
сотовый 8 10 22 24 42 43 46 52 68 69 70 71 86 97
разрешение 8 10 11 13 15 17 19 42 43 46 52 65 66 67 68 69 70 71 86 98
легенда 50 52
кофемашин 1 4
съёмка 1 4 7 8 9 10 11 13 15 17 19 20 21 22 23 24 25 26 28 30 32 34 36 38 39 41 42 43 45 46 48 49 50 51 52 54 56 58 60 62 64 65 66 67 68 69 70 71 73 75 77 79 81 83 85 86 87 88 89 91 93 95 96 97 98 100
уценить 86
голубой 52
поскольку 52
большой 1 4 22 52 86
восстанавливать 1 4
лестница 1 4
много 8 10
польза 42
невероятный 50 52
придавать 68
дюймовый 86
интернет 1 2 3 4 5 6 7 8 9 10 11 12 13 14 15 16 17 18 19 20 21 22 23 24 25 26 27 28 29 30 31 32 33 34 35 36 37 38 39 40 41 42 43 44 45 46 47 48 49 50 51 52 53 54 55 56 57 58 59 60 61 62 63 64 65 66 67 68 69 70 71 72 73 74 75 76 77 78 79 80 81 82 83 84 85 86 87 88 89 90 91 92 93 94 95 96 97 98 99 100 101
атрибут 46
модуль 1 4 7 8 9 10 11 13 15 17 19 20 21 22 23 24 25 26 28 30 32 34 36 38 39 41 42 43 45 46 48 49 50 51 52 54 56 58 60 62 64 65 66 67 68 69 70 71 73 75 77 79 81 83 85 86 87 88 89 91 93 95 96 97 98 100
пеленальный 1 4
сервис 1 2 3 4 5 6 7 8 9 10 11 12 13 14 15 16 17 18 19 20 21 22 23 24 25 26 27 28 29 30 31 32 33 34 35 36 37 38 39 40 41 42 43 44 45 46 47 48 49 50 51 52 53 54 55 56 57 58 59 60 61 62 63 64 65 66 67 68 69 70 71 72 73 74 75 76 77 78 79 80 81 82 83 84 85 86 87 88 89 90 91 92 93 94 95 96 97 98 99 100 101
официальный 1 3 4 8 9 10 11 12 14 16 18 20 21 22 23 24 25 26 27 29 31 33 35 37 39 40 41 42 43 44 46 47 49 50 51 52 53 55 57 59 61 63 65 66 67 68 69 70 71 72 73 74 75 76 77 78 79 80 81 82 83 84 85 86 87 88 89 90 92 94 96 97 98 99 101
всё 1 2 3 4 5 6 7 8 9 10 11 12 13 14 15 16 17 18 19 20 21 22 23 24 25 26 27 28 29 30 31 32 33 34 35 36 37 38 39 40 41 42 43 44 45 46 47 48 49 50 51 52 53 54 55 56 57 58 59 60 61 62 63 64 65 66 67 68 69 70 71 72 73 74 75 76 77 78 79 80 81 82 83 84 85 86 87 88 89 90 91 92 93 94 95 96 97 98 99 100 101
кол 1 4 8 9 10 11 13 15 17 19 20 22 24 28 30 32 34 36 38 41 42 43 45 46 48 50 51 52 54 56 58 60 62 64 73 75 77 79 81 83 85 86 91 93 95 96 98 100
значение 52
представить 68
чемодан 1 4
фильтр 2 3 7 8 9 10 11 12 13 14 15 16 17 18 19 20 21 22 23 24 25 26 27 28 29 30 31 32 33 34 35 36 37 38 39 40 41 42 43 44 45 46 47 48 49 50 51 52 53 54 55 56 57 58 59 60 61 62 63 64 65 66 67 68 69 70 71 72 73 74 75 76 77 78 79 80 81 82 83 84 85 86 87 88 89 90 91 92 93 94 95 96 97 98 99 100 101
фотомодуль 42 46
фронт 22
телега 1 2 3 4 5 6 7 8 9 10 11 12 13 14 15 16 17 18 19 20 21 22 23 24 25 26 27 28 29 30 31 32 33 34 35 36 37 38 39 40 41 42 43 44 45 46 47 48 49 50 51 52 53 54 55 56 57 58 59 60 61 62 63 64 65 66 67 68 69 70 71 72 73 74 75 76 77 78 79 80 81 82 83 84 85 86 87 88 89 90 91 92 93 94 95 96 97 98 99 100 101
мешок 1 4
многое 1 2 3 4 5 6 7 8 9 10 11 12 13 14 15 16 17 18 19 20 21 22 23 24 25 26 27 28 29 30 31 32 33 34 35 36 37 38 39 40 41 42 43 44 45 46 47 48 49 50 51 52 53 54 55 56 57 58 59 60 61 62 63 64 65 66 67 68 69 70 71 72 73 74 75 76 77 78 79 80 81 82 83 84 85 86 87 88 89 90 91 92 93 94 95 96 97 98 99 100 101
браслет 1 4
конец 2 7
выводить 8 9 10
волшебный 65 66 67 68 69 70 71
гарнитур 1 4 68 71
выходной 1 2 3 4 5 6 7 8 9 10 11 12 13 14 15 16 17 18 19 20 21 22 23 24 25 26 27 28 29 30 31 32 33 34 35 36 37 38 39 40 41 42 43 44 45 46 47 48 49 50 51 52 53 54 55 56 57 58 59 60 61 62 63 64 65 66 67 68 69 70 71 72 73 74 75 76 77 78 79 80 81 82 83 84 85 86 87 88 89 90 91 92 93 94 95 96 97 98 99 100 101
другой 1 2 3 4 5 6 7 8 9 10 11 12 13 14 15 16 17 18 19 20 21 22 23 24 25 26 27 28 29 30 31 32 33 34 35 36 37 38 39 40 41 42 43 44 45 46 47 48 49 50 51 52 53 54 55 56 57 58 59 60 61 62 63 64 65 66 67 68 69 70 71 72 73 74 75 76 77 78 79 80 81 82 83 84 85 86 87 88 89 90 91 92 93 94 95 96 97 98 99 100 101
чебоксары 8 10 20 24 26 42 43 50 51 52 65 66 67 68 69 70 71 86
формат 46
пик 65 70
выраженный 52
наиболее 52
делать 86
принцип 46
кануть 52
коляска 1 4
оперативный 1 4 7 8 9 10 11 13 15 17 19 20 21 22 23 24 25 26 28 30 32 34 36 38 39 41 42 43 45 46 48 49 50 51 52 54 56 58 60 62 64 65 66 67 68 69 70 71 86 87 88 89 91 93 95 96 97 98 100
заявить 3 8 9 10 11 20 21 22 23 24 26 42 43 46 49 50 51 52 54 56 58 60 65 66 67 68 69 70 71 73 75 77 79 81 83 85 86 96 97 98
курск 8 10 20 24 26 42 43 50 51 52 65 66 67 68 69 70 71 86
превосходный 20 42
подвергнуть 42
телеграм 1 4 12 14 16 18 27 29 31 33 35 37 40 44 47 53 55 57 59 61 63 72 74 76 78 80 82 84 90 92 94 99 101
отдельно 52
позволять 1 2 3 4 5 6 7 8 9 10 11 12 13 14 15 16 17 18 19 20 21 22 23 24 25 26 27 28 29 30 31 32 33 34 35 36 37 38 39 40 41 42 43 44 45 46 47 48 49 50 51 52 53 54 55 56 57 58 59 60 61 62 63 64 65 66 67 68 69 70 71 72 73 74 75 76 77 78 79 80 81 82 83 84 85 86 87 88 89 90 91 92 93 94 95 96 97 98 99 100 101
отзыв 1 2 3 4 5 6 7 8 9 10 11 12 13 14 15 16 17 18 19 20 21 22 23 24 25 26 27 28 29 30 31 32 33 34 35 36 37 38 39 40 41 42 43 44 45 46 47 48 49 50 51 52 53 54 55 56 57 58 59 60 61 62 63 64 65 66 67 68 69 70 71 72 73 74 75 76 77 78 79 80 81 82 83 84 85 86 87 88 89 90 91 92 93 94 95 96 97 98 99 100 101
кредит 8 10 86 98
изображение 13 15 17 19 28 30 32 34 36 38 41 42 45 46 48 54 56 58 60 62 64 71 73 75 77 79 81 83 85 91 93 95 100
сенсорн 52
синий 65 66 67 68 69 70 71
комбайн 1 4
память 1 4 7 8 9 10 11 13 15 17 19 20 21 22 23 24 25 26 28 30 32 34 36 38 39 41 42 43 45 46 48 49 50 51 52 54 56 58 60 62 64 65 66 67 68 69 70 71 73 75 77 79 81 83 85 86 87 88 89 91 93 95 96 97 98 100
отладка 8 9 10 11 12 13 14 15 16 17 18 19 20 21 22 23 24 25 26 27 28 29 30 31 32 33 34 35 36 37 38 39 40 41 42 43 44 45 46 47 48 49 50 51 52 53 54 55 56 57 58 59 60 61 62 63 64 65 66 67 68 69 70 71 72 73 74 75 76 77 78 79 80 81 82 83 84 85 86 87 88 89 90 91 92 93 94 95 96 97 98 99 100 101
минимальный 46
раз 46
занимать 68
ускоритель 52
плоский 46
заводский 52
писать 1 2 3 4 5 6 7 8 9 10 11 12 13 14 15 16 17 18 19 20 21 22 23 24 25 26 27 28 29 30 31 32 33 34 35 36 37 38 39 40 41 42 43 44 45 46 47 48 49 50 51 52 53 54 55 56 57 58 59 60 61 62 63 64 65 66 67 68 69 70 71 72 73 74 75 76 77 78 79 80 81 82 83 84 85 86 87 88 89 90 91 92 93 94 95 96 97 98 99 100 101
соковыжималка 1 4
пыл 46 52
защищать 52
ты 1 4 46
аудиосистема 1 4
разработать 22 24
кратный 68
скейтборд 1 4
ссылка 1 2 3 4 5 6 7 8 9 10 11 12 13 14 15 16 17 18 19 20 21 22 23 24 25 26 27 28 29 30 31 32 33 34 35 36 37 38 39 40 41 42 43 44 45 46 47 48 49 50 51 52 53 54 55 56 57 58 59 60 61 62 63 64 65 66 67 68 69 70 71 72 73 74 75 76 77 78 79 80 81 82 83 84 85 86 87 88 89 90 91 92 93 94 95 96 97 98 99 100 101
можно 1 4 12 14 16 18 27 29 31 33 35 37 40 44 47 53 55 57 59 61 63 71 72 74 76 78 80 82 84 90 92 94 99 101
выпускаться 46
технический 1 2 3 4 5 6 7 8 9 10 11 12 13 14 15 16 17 18 19 20 21 22 23 24 25 26 27 28 29 30 31 32 33 34 35 36 37 38 39 40 41 42 43 44 45 46 47 48 49 50 51 52 53 54 55 56 57 58 59 60 61 62 63 64 65 66 67 68 69 70 71 72 73 74 75 76 77 78 79 80 81 82 83 84 85 86 87 88 89 90 91 92 93 94 95 96 97 98 99 100 101
электрочайник 1 4
планшет 1 4
информация 1 2 3 4 5 6 7 8 9 10 11 12 13 14 15 16 17 18 19 20 21 22 23 24 25 26 27 28 29 30 31 32 33 34 35 36 37 38 39 40 41 42 43 44 45 46 47 48 49 50 51 52 53 54 55 56 57 58 59 60 61 62 63 64 65 66 67 68 69 70 71 72 73 74 75 76 77 78 79 80 81 82 83 84 85 86 87 88 89 90 91 92 93 94 95 96 97 98 99 100 101
шина 1 4
впечатляющий 68 86 97 98
ювелирный 1 4
автономный 8 10 52
рынок 43
совершенно 50 52
внутри 71
спальная 1 4
экология 22 24
скорость 28 30 32 34 36 38 41 54 56 58 60 71
условие 50 52
мебель 1 4
ультразвуковой 41 45 46 48 62 64
сочетаться 50 52
фотоаппарат 1 4
разработка 1 2 3 4 5 6 7 8 9 10 11 12 13 14 15 16 17 18 19 20 21 22 23 24 25 26 27 28 29 30 31 32 33 34 35 36 37 38 39 40 41 42 43 44 45 46 47 48 49 50 51 52 53 54 55 56 57 58 59 60 61 62 63 64 65 66 67 68 69 70 71 72 73 74 75 76 77 78 79 80 81 82 83 84 85 86 87 88 89 90 91 92 93 94 95 96 97 98 99 100 101
частота 8 9 10 11 13 15 17 19 20 22 24 26 28 30 32 34 36 38 41 42 43 45 46 48 50 51 52 54 56 58 60 62 64 86 91 93 95 96 98 100
пэк 8 9 10 20 22 24 26 42 49 50 86 98
свобода 20 43 46
алюй 24
зонт 1 4
высокий 8 9 10 52
расстояние 68 71
объектив 1 4 7 8 9 10 11 13 15 17 19 20 21 22 23 24 25 26 28 30 32 34 36 38 39 41 42 43 45 46 48 49 50 51 52 54 56 58 60 62 64 65 66 67 68 69 70 71 73 75 77 79 81 83 85 86 87 88 89 91 93 95 96 97 98 100
складывание 2
дизайн 22 24 42 50 52
стабилизировать 42
производительность 68 69 70 71
питание 1 4 13 15 17 19 28 30 32 34 36 38 41 42 45 48 52 54 56 58 60 62 64 73 75 77 79 81 83 85 91 93 95 100
зарядный 45 48 62 64 91 93 95 100
вес 1 4 7 10 11 20 21 22 23 36 38 39 41 42 43 45 46 48 49 50 51 52 54 56 58 60 62 64 65 66 67 68 69 70 71 73 75 77 79 81 83 85 86 87 88 89 91 93 95 96 97 98 100
тип 2 3 8 9 10 11 13 15 17 19 20 22 24 26 28 30 32 34 36 38 41 42 43 45 46 48 50 51 52 54 56 58 60 62 64 65 66 67 68 69 70 71 73 75 77 79 81 83 85 86 91 93 95 96 98 100
сорянин 8 9 10 11 12 13 14 15 16 17 18 19 20 21 22 23 24 25 26 27 28 29 30 31 32 33 34 35 36 37 38 39 40 41 42 43 44 45 46 47 48 49 50 51 52 53 54 55 56 57 58 59 60 61 62 63 64 65 66 67 68 69 70 71 72 73 74 75 76 77 78 79 80 81 82 83 84 85 86 87 88 89 90 91 92 93 94 95 96 97 98 99 100 101
новгород 8 10 20 24 26 42 43 50 51 52 65 66 67 68 69 70 71 86
позволить 8 10
встроить 2 8 9 10 11 13 15 17 19 20 22 24 26 28 30 32 34 36 38 41 42 43 45 46 48 50 51 52 54 56 58 60 62 64 65 66 67 68 69 70 71 73 75 77 79 81 83 85 86 91 93 95 96 97 98 100
два 8 10 52 68 71 73 75 77 79 81 83 85
перо 52 71
согласно 68
рифлёный 91 93 95 100
смарт 1 4
водоснабжение 1 4
достигать 52
энергоёмкий 52
большущий 52
сувенир 1 4
кабель 1 2 4 68 71
сигнализация 1 4
косметический 68
промышленность 71
контент 86 97 98
создание 1 4
мясорубка 1 4
мультиварка 1 4
кнопка 68 71
находить 1 2 3 4 5 6 7 8 9 10 11 12 13 14 15 16 17 18 19 20 21 22 23 24 25 26 27 28 29 30 31 32 33 34 35 36 37 38 39 40 41 42 43 44 45 46 47 48 49 50 51 52 53 54 55 56 57 58 59 60 61 62 63 64 65 66 67 68 69 70 71 72 73 74 75 76 77 78 79 80 81 82 83 84 85 86 87 88 89 90 91 92 93 94 95 96 97 98 99 100 101
компьютерный 1 4
плашка 42
расположить 42 46
сравнить 1 2 3 4 5 6 7 8 9 10 11 12 13 14 15 16 17 18 19 20 21 22 23 24 25 26 27 28 29 30 31 32 33 34 35 36 37 38 39 40 41 42 43 44 45 46 47 48 49 50 51 52 53 54 55 56 57 58 59 60 61 62 63 64 65 66 67 68 69 70 71 72 73 74 75 76 77 78 79 80 81 82 83 84 85 86 87 88 89 90 91 92 93 94 95 96 97 98 99 100 101
туризм 1 4
находиться 1 2 3 4 5 6 7 8 9 10 11 12 13 14 15 16 17 18 19 20 21 22 23 24 25 26 27 28 29 30 31 32 33 34 35 36 37 38 39 40 41 42 43 44 45 46 47 48 49 50 51 52 53 54 55 56 57 58 59 60 61 62 63 64 65 66 67 68 69 70 71 72 73 74 75 76 77 78 79 80 81 82 83 84 85 86 87 88 89 90 91 92 93 94 95 96 97 98 99 100 101
стульчик 1 4
цифровой 13 15 17 19 28 30 32 34 36 38 41 45 48 52 54 56 58 60 62 64 73 75 77 79 81 83 85 91 93 95 100
устройс 20
сочетать 43 46
впечатление 68
русифицировать 50
план 52
определяться 1 2 3 4 5 6 7 8 9 10 11 12 13 14 15 16 17 18 19 20 21 22 23 24 25 26 27 28 29 30 31 32 33 34 35 36 37 38 39 40 41 42 43 44 45 46 47 48 49 50 51 52 53 54 55 56 57 58 59 60 61 62 63 64 65 66 67 68 69 70 71 72 73 74 75 76 77 78 79 80 81 82 83 84 85 86 87 88 89 90 91 92 93 94 95 96 97 98 99 100 101
мобильный 1 4 8 9 10 11 20 22 24 26 42 43 46 49 50 51 52 65 66 67 68 69 70 71 86
выбор 1 2 3 4 5 6 7 8 9 10 11 12 13 14 15 16 17 18 19 20 21 22 23 24 25 26 27 28 29 30 31 32 33 34 35 36 37 38 39 40 41 42 43 44 45 46 47 48 49 50 51 52 53 54 55 56 57 58 59 60 61 62 63 64 65 66 67 68 69 70 71 72 73 74 75 76 77 78 79 80 81 82 83 84 85 86 87 88 89 90 91 92 93 94 95 96 97 98 99 100 101
оптический 8 9 10 13 15 17 19 20 22 24 26 28 30 32 34 36 38 41 42 43 45 46 48 50 52 54 56 58 60 62 64 65 66 67 68 69 70 71 73 75 77 79 81 83 85 91 93 95 100
обсуждение 12 14 16 18 27 29 31 33 35 37 40 44 47 53 55 57 59 61 63 72 74 76 78 80 82 84 90 92 94 99 101
однако 42 52
детский 1 2 3 4 5 6 7 8 9 10 11 12 13 14 15 16 17 18 19 20 21 22 23 24 25 26 27 28 29 30 31 32 33 34 35 36 37 38 39 40 41 42 43 44 45 46 47 48 49 50 51 52 53 54 55 56 57 58 59 60 61 62 63 64 65 66 67 68 69 70 71 72 73 74 75 76 77 78 79 80 81 82 83 84 85 86 87 88 89 90 91 92 93 94 95 96 97 98 99 100 101
где 1 2 3 4 5 6 7 8 9 10 11 12 13 14 15 16 17 18 19 20 21 22 23 24 25 26 27 28 29 30 31 32 33 34 35 36 37 38 39 40 41 42 43 44 45 46 47 48 49 50 51 52 53 54 55 56 57 58 59 60 61 62 63 64 65 66 67 68 69 70 71 72 73 74 75 76 77 78 79 80 81 82 83 84 85 86 87 88 89 90 91 92 93 94 95 96 97 98 99 100 101
автотовар 1 2 3 4 5 6 7 8 9 10 11 12 13 14 15 16 17 18 19 20 21 22 23 24 25 26 27 28 29 30 31 32 33 34 35 36 37 38 39 40 41 42 43 44 45 46 47 48 49 50 51 52 53 54 55 56 57 58 59 60 61 62 63 64 65 66 67 68 69 70 71 72 73 74 75 76 77 78 79 80 81 82 83 84 85 86 87 88 89 90 91 92 93 94 95 96 97 98 99 100 101
галаксить 8 10 20 42 43 50 51 52 86 98
профессиональный 20 42 43 50 51 52 65 66 67 68
пред 2 7
менять 68 71
площадка 1 2 3 4 5 6 7 8 9 10 11 12 13 14 15 16 17 18 19 20 21 22 23 24 25 26 27 28 29 30 31 32 33 34 35 36 37 38 39 40 41 42 43 44 45 46 47 48 49 50 51 52 53 54 55 56 57 58 59 60 61 62 63 64 65 66 67 68 69 70 71 72 73 74 75 76 77 78 79 80 81 82 83 84 85 86 87 88 89 90 91 92 93 94 95 96 97 98 99 100 101
разнообразный 1 2 3 4 5 6 7 8 9 10 11 12 13 14 15 16 17 18 19 20 21 22 23 24 25 26 27 28 29 30 31 32 33 34 35 36 37 38 39 40 41 42 43 44 45 46 47 48 49 50 51 52 53 54 55 56 57 58 59 60 61 62 63 64 65 66 67 68 69 70 71 72 73 74 75 76 77 78 79 80 81 82 83 84 85 86 87 88 89 90 91 92 93 94 95 96 97 98 99 100 101
чаша 2
новшество 42
трио 46
использовать 71
нужный 1 2 3 4 5 6 7 8 9 10 11 12 13 14 15 16 17 18 19 20 21 22 23 24 25 26 27 28 29 30 31 32 33 34 35 36 37 38 39 40 41 42 43 44 45 46 47 48 49 50 51 52 53 54 55 56 57 58 59 60 61 62 63 64 65 66 67 68 69 70 71 72 73 74 75 76 77 78 79 80 81 82 83 84 85 86 87 88 89 90 91 92 93 94 95 96 97 98 99 100 101
самый 1 2 3 4 5 6 7 8 9 10 11 12 13 14 15 16 17 18 19 20 21 22 23 24 25 26 27 28 29 30 31 32 33 34 35 36 37 38 39 40 41 42 43 44 45 46 47 48 49 50 51 52 53 54 55 56 57 58 59 60 61 62 63 64 65 66 67 68 69 70 71 72 73 74 75 76 77 78 79 80 81 82 83 84 85 86 87 88 89 90 91 92 93 94 95 96 97 98 99 100 101
спб 20 43 46 50 52
конфигурация 20
гармонично 50 52
подвергнуться 52
матовый 54 56 58 60 68 73 75 77 79 81 83 85
музыкальный 1 4
фонарик 1 4 13 15 17 19 28 30 32 34 36 38 41 45 48 54 56 58 60 62 64 73 75 77 79 81 83 85 91 93 95 100
товарный 3 8 9 10 11 12 13 14 15 16 17 18 19 20 21 22 23 24 25 26 27 28 29 30 31 32 33 34 35 36 37 38 39 40 41 42 43 44 45 46 47 48 49 50 51 52 53 54 55 56 57 58 59 60 61 62 63 64 65 66 67 68 69 70 71 72 73 74 75 76 77 78 79 80 81 82 83 84 85 86 87 88 89 90 91 92 93 94 95 96 97 98 99 100 101
отпечаток 13 15 17 19 28 30 32 34 36 38 41 45 48 54 56 58 60 62 64 73 75 77 79 81 83 85 91 93 95 100
расставить 42
чуть 42
железный 46 52
телевизор 1 4
кадр 50 52
телекамера 68
идентификация 73 75 77 79 81 83 85
подходящий 20 43 46
видеорегистратор 1 4
разговор 8 9 10 20 22 24 26 42 46 50 52
обработать 25 39 87 88 89
зарядить 46
настраивать 1 4 68 71
решение 1 2 3 4 5 6 7 8 9 10 11 12 13 14 15 16 17 18 19 20 21 22 23 24 25 26 27 28 29 30 31 32 33 34 35 36 37 38 39 40 41 42 43 44 45 46 47 48 49 50 51 52 53 54 55 56 57 58 59 60 61 62 63 64 65 66 67 68 69 70 71 72 73 74 75 76 77 78 79 80 81 82 83 84 85 86 87 88 89 90 91 92 93 94 95 96 97 98 99 100 101
порт 13 15 17 19 28 30 32 34 36 38 41 45 48 54 56 58 60 62 64 71 73 75 77 79 81 83 85 91 93 95 100
оставить 42
стаб 43 46
группа 3 8 9 10 11 12 13 14 15 16 17 18 19 20 21 22 23 24 25 26 27 28 29 30 31 32 33 34 35 36 37 38 39 40 41 42 43 44 45 46 47 48 49 50 51 52 53 54 55 56 57 58 59 60 61 62 63 64 65 66 67 68 69 70 71 72 73 74 75 76 77 78 79 80 81 82 83 84 85 86 87 88 89 90 91 92 93 94 95 96 97 98 99 100 101
материал 8 10 13 15 17 19 20 28 30 32 34 36 38 41 42 43 45 48 50 51 52 54 56 58 60 62 64 73 75 77 79 81 83 85 86 91 93 95 100
соцсеть 43 46
акустика 1 4
след 2 7
хватить 8 10
требование 68
переключение 71
удобный 1 2 3 4 5 6 7 8 9 10 11 12 13 14 15 16 17 18 19 20 21 22 23 24 25 26 27 28 29 30 31 32 33 34 35 36 37 38 39 40 41 42 43 44 45 46 47 48 49 50 51 52 53 54 55 56 57 58 59 60 61 62 63 64 65 66 67 68 69 70 71 72 73 74 75 76 77 78 79 80 81 82 83 84 85 86 87 88 89 90 91 92 93 94 95 96 97 98 99 100 101
кам 20 42 43 46
доработать 71
под 42 52
заряжаться 52
новый 1 3 4 8 9 10 11 20 21 22 23 24 25 26 39 42 43 46 49 50 51 52 65 66 67 68 69 70 71 86 87 88 89 96 97 98
конструкция 2 3
ёмкостный 10 11
новинка 20 42
оформление 42
выступать 46
флагман 50 52 69 70 71
написать 1 4
раздел 1 2 3 4 5 6 7 8 9 10 11 12 13 14 15 16 17 18 19 20 21 22 23 24 25 26 27 28 29 30 31 32 33 34 35 36 37 38 39 40 41 42 43 44 45 46 47 48 49 50 51 52 53 54 55 56 57 58 59 60 61 62 63 64 65 66 67 68 69 70 71 72 73 74 75 76 77 78 79 80 81 82 83 84 85 86 87 88 89 90 91 92 93 94 95 96 97 98 99 100 101
остальной 1 4
объединение 52
глянцевый 13 15 17 19 28 30 32 34 36 38 41 45 48 62 64 68
лицо 42 73 75 77 79 81 83 85
семейство 42 52
образ 52
распознавание 68 71 73 75 77 79 81 83 85
экран 1 4 7 8 9 10 11 13 15 17 19 20 22 24 26 28 30 32 34 36 38 39 41 42 43 45 46 48 49 50 51 52 54 56 58 60 62 64 65 66 67 68 69 70 71 86 96 97 98 100
мангал 1 4
оперативка 42
выполнить 42
он 42 52 71
укомплектовать 46
самокат 1 4
станция 52
получаться 52
титановый 65 66 67 68 69 70 71 73 75 77 79 81 83 85
определение 71
для 1 2 3 4 5 6 7 8 9 10 11 12 13 14 15 16 17 18 19 20 21 22 23 24 25 26 27 28 29 30 31 32 33 34 35 36 37 38 39 40 41 42 43 44 45 46 47 48 49 50 51 52 53 54 55 56 57 58 59 60 61 62 63 64 65 66 67 68 69 70 71 72 73 74 75 76 77 78 79 80 81 82 83 84 85 86 87 88 89 90 91 92 93 94 95 96 97 98 99 100 101
я 1 2 3 4 5 6 7 8 9 10 11 12 13 14 15 16 17 18 19 20 21 22 23 24 25 26 27 28 29 30 31 32 33 34 35 36 37 38 39 40 41 42 43 44 45 46 47 48 49 50 51 52 53 54 55 56 57 58 59 60 61 62 63 64 65 66 67 68 69 70 71 72 73 74 75 76 77 78 79 80 81 82 83 84 85 86 87 88 89 90 91 92 93 94 95 96 97 98 99 100 101
который 1 2 3 4 5 6 7 8 9 10 11 12 13 14 15 16 17 18 19 20 21 22 23 24 25 26 27 28 29 30 31 32 33 34 35 36 37 38 39 40 41 42 43 44 45 46 47 48 49 50 51 52 53 54 55 56 57 58 59 60 61 62 63 64 65 66 67 68 69 70 71 72 73 74 75 76 77 78 79 80 81 82 83 84 85 86 87 88 89 90 91 92 93 94 95 96 97 98 99 100 101
кроватка 1 4
проверка 3 8 9 10 11 20 21 22 23 24 26 42 43 46 49 50 51 52 65 66 67 68 69 70 71 86 96 97 98
отправка 8 9 10 11 12 14 16 18 20 22 24 27 29 31 33 35 37 40 42 43 44 46 47 50 51 52 53 55 57 59 61 63 65 66 67 68 69 70 71 72 74 76 78 80 82 84 86 90 92 94 96 97 98 99 101
нетребовательный 86 97 98
фантом 20 42 43 46 49 50 51 52
стандартный 52
термос 1 4
подгузник 1 4
помогать 1 2 3 4 5 6 7 8 9 10 11 12 13 14 15 16 17 18 19 20 21 22 23 24 25 26 27 28 29 30 31 32 33 34 35 36 37 38 39 40 41 42 43 44 45 46 47 48 49 50 51 52 53 54 55 56 57 58 59 60 61 62 63 64 65 66 67 68 69 70 71 72 73 74 75 76 77 78 79 80 81 82 83 84 85 86 87 88 89 90 91 92 93 94 95 96 97 98 99 100 101
новосибирск 8 9 20 22 24 46 50 51 52 65 66 67 68 69 70 71
тула 8 10 20 24 26 42 43 50 51 52 65 66 67 68 69 70 71 86
ярославль 8 10 20 24 26 42 43 50 51 52 65 66 67 68 69 70 71 86
водонагреватель 1 4
вместе 52 68
духовка 1 4
произодитель 2 7
лайм 8 9 10 11
екатеринбург 10
фронталь 22 24 26
обеспечивать 52
авто 1 2 3 4 5 6 7 8 9 10 11 12 13 14 15 16 17 18 19 20 21 22 23 24 25 26 27 28 29 30 31 32 33 34 35 36 37 38 39 40 41 42 43 44 45 46 47 48 49 50 51 52 53 54 55 56 57 58 59 60 61 62 63 64 65 66 67 68 69 70 71 72 73 74 75 76 77 78 79 80 81 82 83 84 85 86 87 88 89 90 91 92 93 94 95 96 97 98 99 100 101
это 20 42
более 52
живой 1 4
россия 1 2 3 4 5 6 7 8 9 10 11 12 13 14 15 16 17 18 19 20 21 22 23 24 25 26 27 28 29 30 31 32 33 34 35 36 37 38 39 40 41 42 43 44 45 46 47 48 49 50 51 52 53 54 55 56 57 58 59 60 61 62 63 64 65 66 67 68 69 70 71 72 73 74 75 76 77 78 79 80 81 82 83 84 85 86 87 88 89 90 91 92 93 94 95 96 97 98 99 100 101
характеристика 1 2 3 4 5 6 7 8 9 10 11 12 13 14 15 16 17 18 19 20 21 22 23 24 25 26 27 28 29 30 31 32 33 34 35 36 37 38 39 40 41 42 43 44 45 46 47 48 49 50 51 52 53 54 55 56 57 58 59 60 61 62 63 64 65 66 67 68 69 70 71 72 73 74 75 76 77 78 79 80 81 82 83 84 85 86 87 88 89 90 91 92 93 94 95 96 97 98 99 100 101
бренд 3 8 9 10 11 12 13 14 15 16 17 18 19 20 21 22 23 24 25 26 27 28 29 30 31 32 33 34 35 36 37 38 39 40 41 42 43 44 45 46 47 48 49 50 51 52 53 54 55 56 57 58 59 60 61 62 63 64 65 66 67 68 69 70 71 72 73 74 75 76 77 78 79 80 81 82 83 84 85 86 87 88 89 90 91 92 93 94 95 96 97 98 99 100 101
аппаратный 13 15 17 19 28 30 32 34 36 38 41 45 48 54 56 58 60 62 64 71 73 75 77 79 81 83 85 91 93 95 100
шумоподавление 28 30 32 34 36 38 41 45 48 54 56 58 60 62 64 73 75 77 79 81 83 85 91 93 95 100
вплоть 46
луч 71
батарея 8 10 42 52
высокопроизводительный 22
себя 1 2 3 4 5 6 7 8 9 10 11 12 13 14 15 16 17 18 19 20 21 22 23 24 25 26 27 28 29 30 31 32 33 34 35 36 37 38 39 40 41 42 43 44 45 46 47 48 49 50 51 52 53 54 55 56 57 58 59 60 61 62 63 64 65 66 67 68 69 70 71 72 73 74 75 76 77 78 79 80 81 82 83 84 85 86 87 88 89 90 91 92 93 94 95 96 97 98 99 100 101
там 1 2 3 4 5 6 7 8 9 10 11 12 13 14 15 16 17 18 19 20 21 22 23 24 25 26 27 28 29 30 31 32 33 34 35 36 37 38 39 40 41 42 43 44 45 46 47 48 49 50 51 52 53 54 55 56 57 58 59 60 61 62 63 64 65 66 67 68 69 70 71 72 73 74 75 76 77 78 79 80 81 82 83 84 85 86 87 88 89 90 91 92 93 94 95 96 97 98 99 100 101
проводной 1 2 3 4 42 46
разогнать 52
фактор 8 9 10 11 13 15 17 19 20 22 24 26 28 30 32 34 36 38 41 42 43 45 46 48 50 51 52 54 56 58 60 62 64 65 66 67 68 69 70 71 73 75 77 79 81 83 85 86 91 93 95 96 98 100
подкрепляться 42
альтернативный 71
снизу 91 93 95 100
графит 8 9 10 11 22 24 26
московский 8 10 20 24 26 42 43 50 51 52 65 66 67 68 69 70 71 86
телеобъектив 28 30 32 34 36 38 41 45 48 54 56 58 60 62 64 73 75 77 79 81 83 85
изменение 42 68
отмечать 46
наладить 52
принести 42
станда 86
эффективно 43 46
этот 46 71
поверхность 42 46 68
тройной 42
сородич 52
всегда 71
подставка 1 4
умный 1 4
мощность 13 15 17 19 28 30 32 34 36 38 41 42 45 48 49 50 52 54 56 58 60 62 64 68 71 73 75 77 79 81 83 85 91 93 95 100
поступить 46
оборудование 1 2 3 4 5 6 7 8 9 10 11 12 13 14 15 16 17 18 19 20 21 22 23 24 25 26 27 28 29 30 31 32 33 34 35 36 37 38 39 40 41 42 43 44 45 46 47 48 49 50 51 52 53 54 55 56 57 58 59 60 61 62 63 64 65 66 67 68 69 70 71 72 73 74 75 76 77 78 79 80 81 82 83 84 85 86 87 88 89 90 91 92 93 94 95 96 97 98 99 100 101
транслировать 46
помимо 68
штатив 1 4
производитель 8 9 10 11 19 20 22 24 26 42 43 45 46 48 50 51 52 54 56 58 60 62 64 65 66 67 68 69 70 71 75 79 81 83 85 86 96 98
кремовый 20 22 42 43 46 50 51 52
тоже 46
работать 46 65 66 67 68
холодильник 1 4
покупатель 1 2 3 4 5 6 7 8 9 10 11 12 13 14 15 16 17 18 19 20 21 22 23 24 25 26 27 28 29 30 31 32 33 34 35 36 37 38 39 40 41 42 43 44 45 46 47 48 49 50 51 52 53 54 55 56 57 58 59 60 61 62 63 64 65 66 67 68 69 70 71 72 73 74 75 76 77 78 79 80 81 82 83 84 85 86 87 88 89 90 91 92 93 94 95 96 97 98 99 100 101
консультация 8 10 20 42 43 50 51 52 86 98
модификация 46
такой 1 4 52
конёк 1 4
наименее 1 2 3 4 5 6 7 8 9 10 11 12 13 14 15 16 17 18 19 20 21 22 23 24 25 26 27 28 29 30 31 32 33 34 35 36 37 38 39 40 41 42 43 44 45 46 47 48 49 50 51 52 53 54 55 56 57 58 59 60 61 62 63 64 65 66 67 68 69 70 71 72 73 74 75 76 77 78 79 80 81 82 83 84 85 86 87 88 89 90 91 92 93 94 95 96 97 98 99 100 101
бот 12 14 16 18 27 29 31 33 35 37 40 44 47 53 55 57 59 61 63 72 74 76 78 80 82 84 90 92 94 99 101
лицевой 46
вып 86 98
женский 1 4
громкость 2
переосмыслить 20 43 46
поддерживаться 52
соответственно 52
сдек 8 9 10 22 24 26 42 65 66 67 68 69 70 71 86 98
отметить 46
технически 68
центр 46
соотношение 36 38 41 45 48 54 56 58 60 62 64 73 75 77 79 81 83 85 91 93 95 100
тыльный 42 46
хороший 86 97 98
использоваться 24 68 71
автономность 86 97 98
хотеться 1 2 3 4 5 6 7 8 9 10 11 12 13 14 15 16 17 18 19 20 21 22 23 24 25 26 27 28 29 30 31 32 33 34 35 36 37 38 39 40 41 42 43 44 45 46 47 48 49 50 51 52 53 54 55 56 57 58 59 60 61 62 63 64 65 66 67 68 69 70 71 72 73 74 75 76 77 78 79 80 81 82 83 84 85 86 87 88 89 90 91 92 93 94 95 96 97 98 99 100 101
канцелярия 1 4
забота 22 24
еврокомиссия 68
главный 71
режим 1 4 8 9 10 20 22 24 26 42 46 50 52 68 71
фен 1 4
определить 1 4
низкий 10
обзор 12 14 16 18 27 29 31 33 35 37 40 41 44 45 47 48 53 54 55 56 57 58 59 60 61 62 63 64 72 74 76 78 80 82 84 90 92 94 99 101
заполучить 52
ёмкий 8 10
они 46
зуммирование 52
накладный 2
бесплатно 8 9 10 20 24 26 43 46 49 50 51 52 65 66 67 68 69 70 71 86
рамка 13 15 17 19 28 30 32 34 36 38 41 45 48 54 56 58 60 62 64 68 71 73 75 77 79 81 83 85 91 93 95 100
плавный 22
легко 20 42 43 46
глазок 46
тонкий 68
обновляться 1 4
глонасс 10 11 13 15 17 19 20 21 23 28 30 32 34 36 38 41 42 43 45 46 48 49 50 52 54 56 58 60 62 64 65 66 67 68 69 70 71 73 75 77 79 81 83 85 86 91 93 95 98 100
светло 20 42 43 46 50 52 86 96 97 98
дактилоскопический 46
матрас 1 4
катушка 1 4
название 1 2 3 4 5 6 7 8 9 10 11 12 13 14 15 16 17 18 19 20 21 22 23 24 25 26 27 28 29 30 31 32 33 34 35 36 37 38 39 40 41 42 43 44 45 46 47 48 49 50 51 52 53 54 55 56 57 58 59 60 61 62 63 64 65 66 67 68 69 70 71 72 73 74 75 76 77 78 79 80 81 82 83 84 85 86 87 88 89 90 91 92 93 94 95 96 97 98 99 100 101
мандарин 22
данные 42 71
капот 42
активный 1 4
решать 43 46
получить 68 69 70 71
трёхмерный 68
многофункциональный 1 2 3 4 5 6 7 8 9 10 11 12 13 14 15 16 17 18 19 20 21 22 23 24 25 26 27 28 29 30 31 32 33 34 35 36 37 38 39 40 41 42 43 44 45 46 47 48 49 50 51 52 53 54 55 56 57 58 59 60 61 62 63 64 65 66 67 68 69 70 71 72 73 74 75 76 77 78 79 80 81 82 83 84 85 86 87 88 89 90 91 92 93 94 95 96 97 98 99 100 101
дорожный 1 4
основный 7 8 9 10 11 13 15 17 19 20 21 22 23 24 25 26 28 30 32 34 36 38 39 41 42 43 45 46 48 49 50 51 52 54 56 58 60 62 64 65 66 67 68 69 70 71 73 75 77 79 81 83 85 86 87 88 89 91 93 95 96 97 98 100
похвастаться 52 71
манер 52
спасибо 1 4
увлечение 20 43 46
элемент 20 43 46
программа 42
ниша 52
магнитола 1 4
справиться 8 10 20 42 50 52
панель 42 46
свойство 71
рубль 10
восьмиядерный 42 46
блочок 52
одночасье 52
ресурс 1 2 3 4 5 6 7 8 9 10 11 12 13 14 15 16 17 18 19 20 21 22 23 24 25 26 27 28 29 30 31 32 33 34 35 36 37 38 39 40 41 42 43 44 45 46 47 48 49 50 51 52 53 54 55 56 57 58 59 60 61 62 63 64 65 66 67 68 69 70 71 72 73 74 75 76 77 78 79 80 81 82 83 84 85 86 87 88 89 90 91 92 93 94 95 96 97 98 99 100 101
час 13 15 17 19 41 54 56 58 60
вылазить 71
доступный 1 2 3 4 5 6 7 8 9 10 11 12 13 14 15 16 17 18 19 20 21 22 23 24 25 26 27 28 29 30 31 32 33 34 35 36 37 38 39 40 41 42 43 44 45 46 47 48 49 50 51 52 53 54 55 56 57 58 59 60 61 62 63 64 65 66 67 68 69 70 71 72 73 74 75 76 77 78 79 80 81 82 83 84 85 86 87 88 89 90 91 92 93 94 95 96 97 98 99 100 101
внимание 1 2 3 4 5 6 7 8 9 10 11 12 13 14 15 16 17 18 19 20 21 22 23 24 25 26 27 28 29 30 31 32 33 34 35 36 37 38 39 40 41 42 43 44 45 46 47 48 49 50 51 52 53 54 55 56 57 58 59 60 61 62 63 64 65 66 67 68 69 70 71 72 73 74 75 76 77 78 79 80 81 82 83 84 85 86 87 88 89 90 91 92 93 94 95 96 97 98 99 100 101
наушник 1 2 3 4 91 93 95 100
лаванда 8 10 11 20 42 43 46 49 50 51 52
защита 8 9 10 20 22 24 26 42 46 50 52 65 66 67 68 69 70 71
селфи 42
идти 1 2 3 4 5 6 7 8 9 10 11 12 13 14 15 16 17 18 19 20 21 22 23 24 25 26 27 28 29 30 31 32 33 34 35 36 37 38 39 40 41 42 43 44 45 46 47 48 49 50 51 52 53 54 55 56 57 58 59 60 61 62 63 64 65 66 67 68 69 70 71 72 73 74 75 76 77 78 79 80 81 82 83 84 85 86 87 88 89 90 91 92 93 94 95 96 97 98 99 100 101
компас 13 15 17 19 28 30 32 34 36 38 41 45 48 54 56 58 60 62 64 73 75 77 79 81 83 85 91 93 95 100
сенсор 52 71
проектор 1 4
стабилизация 8 9 10 13 15 17 19 20 22 24 26 28 30 32 34 36 38 41 42 43 45 46 48 50 52 54 56 58 60 62 64 65 66 67 68 69 70 71 73 75 77 79 81 83 85 91 93 95 100
ленинградский 20 43 46 50 52
линейка 42 46 52
таковой 52
экстренный 68
комбинация 46
оплата 68 71 73 75 77 79 81 83 85
техника 1 2 3 4 5 6 7 8 9 10 11 12 13 14 15 16 17 18 19 20 21 22 23 24 25 26 27 28 29 30 31 32 33 34 35 36 37 38 39 40 41 42 43 44 45 46 47 48 49 50 51 52 53 54 55 56 57 58 59 60 61 62 63 64 65 66 67 68 69 70 71 72 73 74 75 76 77 78 79 80 81 82 83 84 85 86 87 88 89 90 91 92 93 94 95 96 97 98 99 100 101
моноблок 8 9 10 11 20 22 24 26 42 43 46 50 51 52 65 66 67 68 69 70 71 86 96 98
недалеко 42
защитный 46
середина 46
кратное 68 71
между 1 2 3 4 5 6 7 8 9 10 11 12 13 14 15 16 17 18 19 20 21 22 23 24 25 26 27 28 29 30 31 32 33 34 35 36 37 38 39 40 41 42 43 44 45 46 47 48 49 50 51 52 53 54 55 56 57 58 59 60 61 62 63 64 65 66 67 68 69 70 71 72 73 74 75 76 77 78 79 80 81 82 83 84 85 86 87 88 89 90 91 92 93 94 95 96 97 98 99 100 101
искать 1 2 3 4 5 6 7 8 9 10 11 12 13 14 15 16 17 18 19 20 21 22 23 24 25 26 27 28 29 30 31 32 33 34 35 36 37 38 39 40 41 42 43 44 45 46 47 48 49 50 51 52 53 54 55 56 57 58 59 60 61 62 63 64 65 66 67 68 69 70 71 72 73 74 75 76 77 78 79 80 81 82 83 84 85 86 87 88 89 90 91 92 93 94 95 96 97 98 99 100 101
премиальный 22
всецело 42
отверстие 52
садовый 1 4
пока 12 14 16 18 27 29 31 33 35 37 40 44 47 53 55 57 59 61 63 72 74 76 78 80 82 84 90 92 94 99 101
совместить 22
маркировка 19 45 48 54 56 58 60 62 64 75 79 81 83 85
ключевой 42
назначить 71
вспомогательный 91 93 95
составлять 52
купить 1 2 3 4 5 6 7 8 9 10 11 12 13 14 15 16 17 18 19 20 21 22 23 24 25 26 27 28 29 30 31 32 33 34 35 36 37 38 39 40 41 42 43 44 45 46 47 48 49 50 51 52 53 54 55 56 57 58 59 60 61 62 63 64 65 66 67 68 69 70 71 72 73 74 75 76 77 78 79 80 81 82 83 84 85 86 87 88 89 90 91 92 93 94 95 96 97 98 99 100 101
планироваться 1 2 3 4 5 6 7 8 9 10 11 12 13 14 15 16 17 18 19 20 21 22 23 24 25 26 27 28 29 30 31 32 33 34 35 36 37 38 39 40 41 42 43 44 45 46 47 48 49 50 51 52 53 54 55 56 57 58 59 60 61 62 63 64 65 66 67 68 69 70 71 72 73 74 75 76 77 78 79 80 81 82 83 84 85 86 87 88 89 90 91 92 93 94 95 96 97 98 99 100 101
вкладыш 2
тариф 8 9 10 11 20 22 24 26 42 43 46 50 51 52 65 66 67 68 69 70 71 86 96 97 98
мур 8 10 20 24 26 42 43 50 51 52 65 66 67 68 69 70 71 86
оз 28 30 32 34 36 38 41 45 48 52 54 56 58 60 62 64
профессио 43
размещаться 52
переключатель 68
сравнение 1 2 3 4 5 6 7 8 9 10 11 12 13 14 15 16 17 18 19 20 21 22 23 24 25 26 27 28 29 30 31 32 33 34 35 36 37 38 39 40 41 42 43 44 45 46 47 48 49 50 51 52 53 54 55 56 57 58 59 60 61 62 63 64 65 66 67 68 69 70 71 72 73 74 75 76 77 78 79 80 81 82 83 84 85 86 87 88 89 90 91 92 93 94 95 96 97 98 99 100 101
основной 1 4 13 15 17 19 20 28 30 32 34 36 38 41 43 45 46 48 52 54 56 58 60 62 64 68 71 73 75 77 79 81 83 85 91 93 95 100
текстовый 1 2 3 4 5 6 7 8 9 10 11 12 13 14 15 16 17 18 19 20 21 22 23 24 25 26 27 28 29 30 31 32 33 34 35 36 37 38 39 40 41 42 43 44 45 46 47 48 49 50 51 52 53 54 55 56 57 58 59 60 61 62 63 64 65 66 67 68 69 70 71 72 73 74 75 76 77 78 79 80 81 82 83 84 85 86 87 88 89 90 91 92 93 94 95 96 97 98 99 100 101
самовывоз 8 9 10 20 22 24 26 42 43 46 49 50 51 52 65 66 67 68 69 70 71 86 97
прочий 46
приставка 1 4 52
форма 8 9 10 11 13 15 17 19 20 22 24 26 28 30 32 34 36 38 41 42 43 45 46 48 50 51 52 54 56 58 60 62 64 65 66 67 68 69 70 71 73 75 77 79 81 83 85 86 91 93 95 96 98 100
уровень 8 9 10 50 52 65 66 67 68
впредь 42
подложка 46
вода 68
функция 13 15 17 19 28 30 32 34 36 38 41 45 48 54 56 58 60 62 64 71 73 75 77 79 81 83 85 86 91 93 95 97 98 100
объединить 24
снимок 50 52
проприетарный 7
крутой 8 10
диагональ 8 10 11 42 46 52 86 98
тактовый 52
фрон 65 70
комфортный 20 42
тем 20 43 46 52
выход 52 91 93 95 100
пользователь 52 71
заменять 68
сплав 71
отдых 1 4
спорт 1 4
прежний 42
лишь 42 68 71
особенность 46
оставаться 68
запись 71
повреждение 52
способный 68
камин 1 4
вечером 1 2 3 4 5 6 7 8 9 10 11 12 13 14 15 16 17 18 19 20 21 22 23 24 25 26 27 28 29 30 31 32 33 34 35 36 37 38 39 40 41 42 43 44 45 46 47 48 49 50 51 52 53 54 55 56 57 58 59 60 61 62 63 64 65 66 67 68 69 70 71 72 73 74 75 76 77 78 79 80 81 82 83 84 85 86 87 88 89 90 91 92 93 94 95 96 97 98 99 100 101
наручный 1 4
показать 2 7
серый 22 24 65 66 67 68 69 70 71
являться 46 52
корпус 2 36 38 41 42 45 46 48 52 54 56 58 60 62 64 68 73 75 77 79 81 83 85 86 91 93 95 97 98 100
разъём 2 3 10 11 86 98
операционный 7 8 10 11 13 15 17 19 22 28 30 32 34 36 38 41 43 45 46 48 50 51 54 56 58 60 62 64 73 75 77 79 81 83 85 86 91 93 95 98 100
дополнить 68 71
серебряный 97
ремонт 1 2 3 4 5 6 7 8 9 10 11 12 13 14 15 16 17 18 19 20 21 22 23 24 25 26 27 28 29 30 31 32 33 34 35 36 37 38 39 40 41 42 43 44 45 46 47 48 49 50 51 52 53 54 55 56 57 58 59 60 61 62 63 64 65 66 67 68 69 70 71 72 73 74 75 76 77 78 79 80 81 82 83 84 85 86 87 88 89 90 91 92 93 94 95 96 97 98 99 100 101
лаконичный 86 97 98
что 1 2 3 4 5 6 7 8 9 10 11 12 13 14 15 16 17 18 19 20 21 22 23 24 25 26 27 28 29 30 31 32 33 34 35 36 37 38 39 40 41 42 43 44 45 46 47 48 49 50 51 52 53 54 55 56 57 58 59 60 61 62 63 64 65 66 67 68 69 70 71 72 73 74 75 76 77 78 79 80 81 82 83 84 85 86 87 88 89 90 91 92 93 94 95 96 97 98 99 100 101
мфу 1 4
устилать 46
серебристый 86 96 97 98
быстро 1 2 3 4 5 6 7 8 9 10 11 12 13 14 15 16 17 18 19 20 21 22 23 24 25 26 27 28 29 30 31 32 33 34 35 36 37 38 39 40 41 42 43 44 45 46 47 48 49 50 51 52 53 54 55 56 57 58 59 60 61 62 63 64 65 66 67 68 69 70 71 72 73 74 75 76 77 78 79 80 81 82 83 84 85 86 87 88 89 90 91 92 93 94 95 96 97 98 99 100 101
технология 8 10 11 42 45 46 48 52 54 56 58 60 62 64 65 66 67 68 69 70 71 86 98 100
графический 13 15 17 19 28 30 32 34 36 38 41 45 48 52 54 56 58 60 62 64 73 75 77 79 81 83 85 91 93 95 100
процессор 1 4 7 8 9 10 11 13 15 17 19 20 21 22 23 24 25 26 28 30 32 34 36 38 39 41 42 43 45 46 48 49 50 51 52 54 56 58 60 62 64 65 66 67 68 69 70 71 73 75 77 79 81 83 85 86 87 88 89 91 93 95 96 97 98 100
поворотный 2
иметь 46 68 71
фиолетовый 8 10 11 20 22 24 26 50 51
остаться 68 71
сотрудник 20 43 46
тест 41 45 48 54 56 58 60 73 75 77 79 81 83 85
чипсет 42 46
пилить 1 2 3 4 5 6 7 8 9 10 11 12 13 14 15 16 17 18 19 20 21 22 23 24 25 26 27 28 29 30 31 32 33 34 35 36 37 38 39 40 41 42 43 44 45 46 47 48 49 50 51 52 53 54 55 56 57 58 59 60 61 62 63 64 65 66 67 68 69 70 71 72 73 74 75 76 77 78 79 80 81 82 83 84 85 86 87 88 89 90 91 92 93 94 95 96 97 98 99 100 101
изделие 8 10 20 42 43 50 51 52 86
многозадачность 20 42
нет 25 39 52 87 88 89
диск 1 4
графить 24
прикрытие 42
шустрый 46
заметный 68
подробный 1 2 3 4 5 6 7 8 9 10 11 12 13 14 15 16 17 18 19 20 21 22 23 24 25 26 27 28 29 30 31 32 33 34 35 36 37 38 39 40 41 42 43 44 45 46 47 48 49 50 51 52 53 54 55 56 57 58 59 60 61 62 63 64 65 66 67 68 69 70 71 72 73 74 75 76 77 78 79 80 81 82 83 84 85 86 87 88 89 90 91 92 93 94 95 96 97 98 99 100 101
пикс 1 4 7 8 9 10 20 22 24 26 42 43 46 50 52 65 66 67 68 69 70 71 86 96 97 98
ещё 1 2 3 4 5 6 7 8 9 10 11 12 13 14 15 16 17 18 19 20 21 22 23 24 25 26 27 28 29 30 31 32 33 34 35 36 37 38 39 40 41 42 43 44 45 46 47 48 49 50 51 52 53 54 55 56 57 58 59 60 61 62 63 64 65 66 67 68 69 70 71 72 73 74 75 76 77 78 79 80 81 82 83 84 85 86 87 88 89 90 91 92 93 94 95 96 97 98 99 100 101
пыль 8 9 10 20 22 24 26 42 46 50 52 65 66 67 68 69 70 71
дюйм 42 46 52
производительный 43 46
привычный 68 71
наличие 68
кофеварка 1 4
кто 1 2 3 4 5 6 7 8 9 10 11 12 13 14 15 16 17 18 19 20 21 22 23 24 25 26 27 28 29 30 31 32 33 34 35 36 37 38 39 40 41 42 43 44 45 46 47 48 49 50 51 52 53 54 55 56 57 58 59 60 61 62 63 64 65 66 67 68 69 70 71 72 73 74 75 76 77 78 79 80 81 82 83 84 85 86 87 88 89 90 91 92 93 94 95 96 97 98 99 100 101
жёлтый 10 11
впервые 42
нерасширяемый 46
золотой 46
эргономика 71
больший 86 97 98
стан 96 97 98
воспользоваться 71
палатка 1 4
высказать 12 14 16 18 27 29 31 33 35 37 40 44 47 53 55 57 59 61 63 72 74 76 78 80 82 84 90 92 94 99 101
пункт 42
изготовить 65 66 67 68 69 70 71
взаимодействие 65 66 67 68 69 70 71
утверждать 71
охрана 1 4
так 1 2 3 4 5 6 7 8 9 10 11 12 13 14 15 16 17 18 19 20 21 22 23 24 25 26 27 28 29 30 31 32 33 34 35 36 37 38 39 40 41 42 43 44 45 46 47 48 49 50 51 52 53 54 55 56 57 58 59 60 61 62 63 64 65 66 67 68 69 70 71 72 73 74 75 76 77 78 79 80 81 82 83 84 85 86 87 88 89 90 91 92 93 94 95 96 97 98 99 100 101
вентилятор 1 4
спутниковый 68 71 73 75 77 79 81 83 85
белый 8 9 10 11 20 46 65 66 67 68 69 70 71 86 96
при 13 15 17 19 22 24 41 45 46 48 52 54 56 58 60 62 64 73 75 77 79 81 83 85
переопределять 20 43 46
ультра 50 51 52
разгон 52
сожаление 1 4
начало 2 7
совпадать 3 8 9 10 11 20 21 22 23 24 26 42 43 46 49 50 51 52 65 66 67 68 69 70 71 86 96 97 98
традиция 68
второй 71 73 75 77 79 81 83 85
предложение 1 2 3 4 5 6 7 8 9 10 11 12 13 14 15 16 17 18 19 20 21 22 23 24 25 26 27 28 29 30 31 32 33 34 35 36 37 38 39 40 41 42 43 44 45 46 47 48 49 50 51 52 53 54 55 56 57 58 59 60 61 62 63 64 65 66 67 68 69 70 71 72 73 74 75 76 77 78 79 80 81 82 83 84 85 86 87 88 89 90 91 92 93 94 95 96 97 98 99 100 101
товар 1 2 3 4 5 6 7 8 9 10 11 12 13 14 15 16 17 18 19 20 21 22 23 24 25 26 27 28 29 30 31 32 33 34 35 36 37 38 39 40 41 42 43 44 45 46 47 48 49 50 51 52 53 54 55 56 57 58 59 60 61 62 63 64 65 66 67 68 69 70 71 72 73 74 75 76 77 78 79 80 81 82 83 84 85 86 87 88 89 90 91 92 93 94 95 96 97 98 99 100 101
крупный 1 4
параметр 1 2 3 4 5 6 7 8 9 10 11 12 13 14 15 16 17 18 19 20 21 22 23 24 25 26 27 28 29 30 31 32 33 34 35 36 37 38 39 40 41 42 43 44 45 46 47 48 49 50 51 52 53 54 55 56 57 58 59 60 61 62 63 64 65 66 67 68 69 70 71 72 73 74 75 76 77 78 79 80 81 82 83 84 85 86 87 88 89 90 91 92 93 94 95 96 97 98 99 100 101
предусматриваться 42
стилус 50 52
передний 68
бесконтактный 68 71
санкт 3 8 9 10 11 13 15 17 19 20 21 22 23 24 25 26 28 30 32 34 36 38 39 41 42 43 45 46 48 49 50 51 52 54 56 58 60 62 64 65 66 67 68 69 70 71 73 75 77 79 81 83 85 86 87 88 89 91 93 95 96 97 98 100
иной 8 9 10 22 24 26 42 65 66 67 68 69 70 71 86 98
вариант 8 9 10 20 22 24 42 43 50 52 65 66 67 68 69 70 71 86 97
супермощный 20 43 46
обладать 42 46 65 66 67 68 86 97 98
матрица 46 73 75 77 79 81 83 85
рыбалка 1 4
город 3 8 9 10 11 20 21 22 23 24 26 42 43 46 49 50 51 52 65 66 67 68 69 70 71 86 96 97 98
барометр 41 45 48 54 56 58 60 62 64 73 75 77 79 81 83 85 91 93 95 100
прямоугольный 52
дтп 71
аксессуар 1 4 68 71 73 75 77 79 81 83 85
модель 1 2 3 4 5 6 7 8 9 10 11 12 13 14 15 16 17 18 19 20 21 22 23 24 25 26 27 28 29 30 31 32 33 34 35 36 37 38 39 40 41 42 43 44 45 46 47 48 49 50 51 52 53 54 55 56 57 58 59 60 61 62 63 64 65 66 67 68 69 70 71 72 73 74 75 76 77 78 79 80 81 82 83 84 85 86 87 88 89 90 91 92 93 94 95 96 97 98 99 100 101
снаряжение 1 2 3 4 5 6 7 8 9 10 11 12 13 14 15 16 17 18 19 20 21 22 23 24 25 26 27 28 29 30 31 32 33 34 35 36 37 38 39 40 41 42 43 44 45 46 47 48 49 50 51 52 53 54 55 56 57 58 59 60 61 62 63 64 65 66 67 68 69 70 71 72 73 74 75 76 77 78 79 80 81 82 83 84 85 86 87 88 89 90 91 92 93 94 95 96 97 98 99 100 101
пластик 8 10 13 15 17 19 28 30 32 34 36 38 86 91 93 95 100
общение 43 46 86 97 98
предводительство 52
сенсорный 1 4 7 8 9 10 11 13 15 17 19 20 22 24 26 39 41 42 43 45 46 48 49 50 51 52 54 56 58 60 62 64 65 66 67 68 69 70 71 86 98 100
цена 1 2 3 4 5 6 7 8 9 10 11 12 13 14 15 16 17 18 19 20 21 22 23 24 25 26 27 28 29 30 31 32 33 34 35 36 37 38 39 40 41 42 43 44 45 46 47 48 49 50 51 52 53 54 55 56 57 58 59 60 61 62 63 64 65 66 67 68 69 70 71 72 73 74 75 76 77 78 79 80 81 82 83 84 85 86 87 88 89 90 91 92 93 94 95 96 97 98 99 100 101
гражданин 1 4
количество 7 8 9 10 11 20 21 22 23 24 25 26 39 42 43 46 49 50 51 52 65 66 67 68 69 70 71 86 87 88 89 96 97 98
ожидание 22 24 26
идеал 42
климат 1 2 3 4 5 6 7 8 9 10 11 12 13 14 15 16 17 18 19 20 21 22 23 24 25 26 27 28 29 30 31 32 33 34 35 36 37 38 39 40 41 42 43 44 45 46 47 48 49 50 51 52 53 54 55 56 57 58 59 60 61 62 63 64 65 66 67 68 69 70 71 72 73 74 75 76 77 78 79 80 81 82 83 84 85 86 87 88 89 90 91 92 93 94 95 96 97 98 99 100 101
тверь 8 10 20 24 26 42 43 50 51 52 65 66 67 68 69 70 71 86
датчик 13 15 17 19 28 30 32 34 36 38 41 42 45 46 48 54 56 58 60 62 64 68 73 75 77 79 81 83 85 91 93 95 100
размер 36 38 41 42 45 46 48 52 54 56 58 60 62 64 73 75 77 79 81 83 85 91 93 95 100
девайс 42
серия 42
краснодар 8 10 20 24 26 42 43 50 51 52 65 66 67 68 69 70 71 86
штатный 52
звезда 71
область 8 9 10 20 22 24 26 42 43 46 49 50 51 52 65 66 67 68 69 70 71 86 97
выделяться 20 43 46 52 68
класс 20 43 46 50 52 71
передовой 22 24 52 65 66 67 68 69 70 71
ведущий 42 52
титан 65 66 67 68 69 70 71
олеофобный 1 4
нижний 8 10 20 24 26 42 43 50 51 52 65 66 67 68 69 70 71 86
ультраширокий 13 15 17 19 28 30 32 34 36 38 41 45 48 54 56 58 60 62 64 73 75 77 79 81 83 85 100
хранилище 42
гаджет 1 2 3 4 5 6 7 8 9 10 11 12 13 14 15 16 17 18 19 20 21 22 23 24 25 26 27 28 29 30 31 32 33 34 35 36 37 38 39 40 41 42 43 44 45 46 47 48 49 50 51 52 53 54 55 56 57 58 59 60 61 62 63 64 65 66 67 68 69 70 71 72 73 74 75 76 77 78 79 80 81 82 83 84 85 86 87 88 89 90 91 92 93 94 95 96 97 98 99 100 101
видеосъёмка 1 4 65 66 67 68 69 70 71
предоставлять 71
комплектующие 1 4 5 22
митино 8 9 10 20 24 26 43 46 49 50 51 52 65 66 67 68 69 70 71 86
результат 41 45 48 73 75 77 79 81 83 85
ультратонкий 68
обсудить 1 2 3 4 5 6 7 8 9 10 11 12 13 14 15 16 17 18 19 20 21 22 23 24 25 26 27 28 29 30 31 32 33 34 35 36 37 38 39 40 41 42 43 44 45 46 47 48 49 50 51 52 53 54 55 56 57 58 59 60 61 62 63 64 65 66 67 68 69 70 71 72 73 74 75 76 77 78 79 80 81 82 83 84 85 86 87 88 89 90 91 92 93 94 95 96 97 98 99 100 101
навигация 13 15 17 19 28 30 32 34 36 38 41 45 48 54 56 58 60 62 64 73 75 77 79 81 83 85 91 93 95 100
скоростной 43 46
слабый 50 52
стать 20 42 50 52 71
предлагать 20 43 46
узнавать 24
будто 68 71
закрытый 2
полноразмерный 2
использование 42
наш 1 2 3 4 5 6 7 8 9 10 11 12 13 14 15 16 17 18 19 20 21 22 23 24 25 26 27 28 29 30 31 32 33 34 35 36 37 38 39 40 41 42 43 44 45 46 47 48 49 50 51 52 53 54 55 56 57 58 59 60 61 62 63 64 65 66 67 68 69 70 71 72 73 74 75 76 77 78 79 80 81 82 83 84 85 86 87 88 89 90 91 92 93 94 95 96 97 98 99 100 101
помощь 12 14 16 18 27 29 31 33 35 37 40 44 47 53 55 57 59 61 63 72 74 76 78 80 82 84 90 92 94 99 101
оценка 41 45 48 54 56 58 60 62 64 91 93 95
вместимость 46
каталог 1 2 3 4 5 6 7 8 9 10 11 12 13 14 15 16 17 18 19 20 21 22 23 24 25 26 27 28 29 30 31 32 33 34 35 36 37 38 39 40 41 42 43 44 45 46 47 48 49 50 51 52 53 54 55 56 57 58 59 60 61 62 63 64 65 66 67 68 69 70 71 72 73 74 75 76 77 78 79 80 81 82 83 84 85 86 87 88 89 90 91 92 93 94 95 96 97 98 99 100 101
система 7 8 10 11 13 15 17 19 20 22 24 28 30 32 34 36 38 41 42 43 45 46 48 50 51 54 56 58 60 62 64 68 71 73 75 77 79 81 83 85 86 91 93 95 98 100
островной 13 15 17 19 28 30 32 34 36 38 41 45 48 52 54 56 58 60 62 64 73 75 77 79 81 83 85
продажа 2 7
фирменный 42
максимум 46
электроника 1 2 3 4 5 6 7 8 9 10 11 12 13 14 15 16 17 18 19 20 21 22 23 24 25 26 27 28 29 30 31 32 33 34 35 36 37 38 39 40 41 42 43 44 45 46 47 48 49 50 51 52 53 54 55 56 57 58 59 60 61 62 63 64 65 66 67 68 69 70 71 72 73 74 75 76 77 78 79 80 81 82 83 84 85 86 87 88 89 90 91 92 93 94 95 96 97 98 99 100 101
стабильный 1 2 3 4 5 6 7 8 9 10 11 12 13 14 15 16 17 18 19 20 21 22 23 24 25 26 27 28 29 30 31 32 33 34 35 36 37 38 39 40 41 42 43 44 45 46 47 48 49 50 51 52 53 54 55 56 57 58 59 60 61 62 63 64 65 66 67 68 69 70 71 72 73 74 75 76 77 78 79 80 81 82 83 84 85 86 87 88 89 90 91 92 93 94 95 96 97 98 99 100 101
часть 13 15 17 19 28 30 32 34 36 38 41 45 48 54 56 58 60 62 64 73 75 77 79 81 83 85 91 93 95 100
мина 13 15 17 19 28 30 32 34 36 38 41 45 48 62 64 73 75 77 79 81 83 85
освещённость 50 52
установить 71
телефон 1 4 8 9 10 11 20 22 24 26 42 43 46 49 50 51 52 65 66 67 68 69 70 71 86 96 97
развлекательный 8 10
презентация 71
тот 1 2 3 4 5 6 7 8 9 10 11 12 13 14 15 16 17 18 19 20 21 22 23 24 25 26 27 28 29 30 31 32 33 34 35 36 37 38 39 40 41 42 43 44 45 46 47 48 49 50 51 52 53 54 55 56 57 58 59 60 61 62 63 64 65 66 67 68 69 70 71 72 73 74 75 76 77 78 79 80 81 82 83 84 85 86 87 88 89 90 91 92 93 94 95 96 97 98 99 100 101
элегантный 8 10
допилить 42
десятикратное 52
квадрокоптер 1 4
ошибка 1 2 3 4 5 6 7 8 9 10 11 12 13 14 15 16 17 18 19 20 21 22 23 24 25 26 27 28 29 30 31 32 33 34 35 36 37 38 39 40 41 42 43 44 45 46 47 48 49 50 51 52 53 54 55 56 57 58 59 60 61 62 63 64 65 66 67 68 69 70 71 72 73 74 75 76 77 78 79 80 81 82 83 84 85 86 87 88 89 90 91 92 93 94 95 96 97 98 99 100 101
тут 46
видеокарта 1 4
уфа 8 10 20 24 26 42 43 50 51 52 65 66 67 68 69 70 71 86
входить 42 52
версия 20 43 46 71
заимствовать 42
помочь 1 2 3 4 5 6 7 8 9 10 11 12 13 14 15 16 17 18 19 20 21 22 23 24 25 26 27 28 29 30 31 32 33 34 35 36 37 38 39 40 41 42 43 44 45 46 47 48 49 50 51 52 53 54 55 56 57 58 59 60 61 62 63 64 65 66 67 68 69 70 71 72 73 74 75 76 77 78 79 80 81 82 83 84 85 86 87 88 89 90 91 92 93 94 95 96 97 98 99 100 101
категория 1 2 3 4 5 6 7 8 9 10 11 12 13 14 15 16 17 18 19 20 21 22 23 24 25 26 27 28 29 30 31 32 33 34 35 36 37 38 39 40 41 42 43 44 45 46 47 48 49 50 51 52 53 54 55 56 57 58 59 60 61 62 63 64 65 66 67 68 69 70 71 72 73 74 75 76 77 78 79 80 81 82 83 84 85 86 87 88 89 90 91 92 93 94 95 96 97 98 99 100 101
аудиотехника 1 4
котёл 1 4
выпуск 10 11
поиск 1 2 3 4 5 6 7 8 9 10 11 12 13 14 15 16 17 18 19 20 21 22 23 24 25 26 27 28 29 30 31 32 33 34 35 36 37 38 39 40 41 42 43 44 45 46 47 48 49 50 51 52 53 54 55 56 57 58 59 60 61 62 63 64 65 66 67 68 69 70 71 72 73 74 75 76 77 78 79 80 81 82 83 84 85 86 87 88 89 90 91 92 93 94 95 96 97 98 99 100 101
задний 13 15 17 19 28 30 32 34 36 38 41 45 48 54 56 58 60 62 64 73 75 77 79 81 83 85 91 93 95 100
квадрокамера 52
алфавит 2 7
стильный 50 52 65 66 68
встраивать 1 4
сантехника 1 4
розовый 20 42 43 46 49 50 51 52
предыдущий 42 68 71
весь 68
сердце 71
тюнер 1 4
жизнь 20 43 46
игра 86 97 98
графитовый 8 10 21 22 23 24 26
двухсторонний 46 52
данный 52
физический 65 66 67 68 69 70 71
обсуждать 1 4
посуда 1 4
украшение 1 4
цвет 8 10 13 15 17 19 20 22 24 26 28 30 32 34 36 38 41 42 43 45 46 48 50 51 52 54 56 58 60 62 64 65 66 67 68 69 70 71 73 75 77 79 81 83 85 86 91 93 95 96 98 100
зум 54 56 58 60 65 66 67 68 69 70 71
меняться 1 2 3 4 5 6 7 8 9 10 11 12 13 14 15 16 17 18 19 20 21 22 23 24 25 26 27 28 29 30 31 32 33 34 35 36 37 38 39 40 41 42 43 44 45 46 47 48 49 50 51 52 53 54 55 56 57 58 59 60 61 62 63 64 65 66 67 68 69 70 71 72 73 74 75 76 77 78 79 80 81 82 83 84 85 86 87 88 89 90 91 92 93 94 95 96 97 98 99 100 101
ггц 8 9 10 13 15 17 19 20 22 24 26 28 30 32 34 36 38 41 42 43 45 46 48 49 50 51 52 54 56 58 60 62 64 65 66 67 69 70 71 86 91 93 95 96 97 98 100
отказаться 42
блендер 1 4
владивосток 8 10 11 86 98
курьерский 8 9 10 20 22 24 42 43 50 52 65 66 67 68 69 70 71 86 97
волоколамский 8 9 10 20 24 26 43 46 49 50 51 52 65 66 67 68 69 70 71 86
игрушка 1 4
таки 71
именно 1 2 3 4 5 6 7 8 9 10 11 12 13 14 15 16 17 18 19 20 21 22 23 24 25 26 27 28 29 30 31 32 33 34 35 36 37 38 39 40 41 42 43 44 45 46 47 48 49 50 51 52 53 54 55 56 57 58 59 60 61 62 63 64 65 66 67 68 69 70 71 72 73 74 75 76 77 78 79 80 81 82 83 84 85 86 87 88 89 90 91 92 93 94 95 96 97 98 99 100 101
отличный 43 46 71
образный 86
время 1 2 3 4 5 6 7 8 9 10 11 12 13 14 15 16 17 18 19 20 21 22 23 24 25 26 27 28 29 30 31 32 33 34 35 36 37 38 39 40 41 42 43 44 45 46 47 48 49 50 51 52 53 54 55 56 57 58 59 60 61 62 63 64 65 66 67 68 69 70 71 72 73 74 75 76 77 78 79 80 81 82 83 84 85 86 87 88 89 90 91 92 93 94 95 96 97 98 99 100 101
канал 1 4
топовый 42 46 50 52 71
диапазон 42
видеть 86
просмотр 86 97 98
бытовой 1 2 3 4 5 6 7 8 9 10 11 12 13 14 15 16 17 18 19 20 21 22 23 24 25 26 27 28 29 30 31 32 33 34 35 36 37 38 39 40 41 42 43 44 45 46 47 48 49 50 51 52 53 54 55 56 57 58 59 60 61 62 63 64 65 66 67 68 69 70 71 72 73 74 75 76 77 78 79 80 81 82 83 84 85 86 87 88 89 90 91 92 93 94 95 96 97 98 99 100 101
дом 1 4
сша 21 22 23 24 25 26 28 30 32 34 36 38 73 75 77 79 81 83 85
заявление 68
необходимый 86 97 98
быть 1 2 3 4 5 6 7 8 9 10 11 12 13 14 15 16 17 18 19 20 21 22 23 24 25 26 27 28 29 30 31 32 33 34 35 36 37 38 39 40 41 42 43 44 45 46 47 48 49 50 51 52 53 54 55 56 57 58 59 60 61 62 63 64 65 66 67 68 69 70 71 72 73 74 75 76 77 78 79 80 81 82 83 84 85 86 87 88 89 90 91 92 93 94 95 96 97 98 99 100 101
крышка 13 15 17 19 28 30 32 34 36 38 41 45 48 54 56 58 60 62 64 73 75 77 79 81 83 85 91 93 95 100
макрообъектив 13 15 17 19 91 93 95 100
лавандовый 8 9 10 20 21 42 43 50 51 52
голосовой 65 66 67 68 69 70 71
также 42 46 52 68 71
доп 54 56 58 60
оптика 65 66 67 68
камера 1 4 7 8 9 10 11 13 15 17 19 20 21 22 23 24 25 26 28 30 32 34 36 38 39 41 42 43 45 46 48 49 50 51 52 54 56 58 60 62 64 65 66 67 68 69 70 71 73 75 77 79 81 83 85 86 87 88 89 91 93 95 96 97 98 100
москва 3 8 9 10 11 13 15 17 19 20 21 22 23 24 25 26 28 30 32 34 36 38 39 41 42 43 45 46 48 49 50 51 52 54 56 58 60 62 64 65 66 67 68 69 70 71 73 75 77 79 81 83 85 86 87 88 89 91 93 95 96 97 98 100
воронеж 8 10 20 24 26 42 43 50 51 52 65 66 67 68 69 70 71 86
яркий 8 10 20 24 26 42 43 46
стиль 20 43 46 68 71
телевикома 42
храниться 52
отличие 68
полезный 1 2 3 4 5 6 7 8 9 10 11 12 13 14 15 16 17 18 19 20 21 22 23 24 25 26 27 28 29 30 31 32 33 34 35 36 37 38 39 40 41 42 43 44 45 46 47 48 49 50 51 52 53 54 55 56 57 58 59 60 61 62 63 64 65 66 67 68 69 70 71 72 73 74 75 76 77 78 79 80 81 82 83 84 85 86 87 88 89 90 91 92 93 94 95 96 97 98 99 100 101
порядок 1 4
каждый 1 2 3 4 5 6 7 8 9 10 11 12 13 14 15 16 17 18 19 20 21 22 23 24 25 26 27 28 29 30 31 32 33 34 35 36 37 38 39 40 41 42 43 44 45 46 47 48 49 50 51 52 53 54 55 56 57 58 59 60 61 62 63 64 65 66 67 68 69 70 71 72 73 74 75 76 77 78 79 80 81 82 83 84 85 86 87 88 89 90 91 92 93 94 95 96 97 98 99 100 101
мбитый 28 30 32 34 36 38 41 54 56 58 60
уйти 42
беспровод 43 46
общий 13 15 17 19 28 30 32 34 36 38 41 42 45 48 54 56 58 60 62 64 71 73 75 77 79 81 83 85 91 93 95 100
влагозащита 13 15 17 19 28 30 32 34 36 38 41 45 46 48 52 54 56 58 60 62 64 73 75 77 79 81 83 85 91 93 95 100
удаться 22
детализация 50 52
натуральный 65 66 67 68 69 70 71
картридж 1 4
лично 1 4 12 14 16 18 27 29 31 33 35 37 40 44 47 53 55 57 59 61 63 72 74 76 78 80 82 84 90 92 94 99 101
фронтальный 8 9 10 13 15 17 19 20 28 30 32 34 36 38 41 42 43 45 46 48 50 52 54 56 58 60 62 64 73 75 77 79 81 83 85 86 91 93 95 96 97 98 100
квалифицировать 8 86 98
прим 71
мой 1 4
микрофон 2 3
чёткий 24
безусловно 71
стиральный 1 4
страница 1 2 3 4 5 6 7 8 9 10 11 12 13 14 15 16 17 18 19 20 21 22 23 24 25 26 27 28 29 30 31 32 33 34 35 36 37 38 39 40 41 42 43 44 45 46 47 48 49 50 51 52 53 54 55 56 57 58 59 60 61 62 63 64 65 66 67 68 69 70 71 72 73 74 75 76 77 78 79 80 81 82 83 84 85 86 87 88 89 90 91 92 93 94 95 96 97 98 99 100 101
развлечение 1 4
бесплатный 8 20 42 43 50 51 52 86 98
понадобиться 52
чёрный 8 9 10 11 20 22 24 26 42 43 46 49 50 51 52 65 66 67 68 69 70 71 86 96 97 98
большинство 8 10
гироскоп 13 15 17 19 28 30 32 34 36 38 41 45 48 54 56 58 60 62 64 73 75 77 79 81 83 85 91 93 95
ускоренный 42
мнение 12 14 16 18 27 29 31 33 35 37 40 44 47 53 55 57 59 61 63 72 74 76 78 80 82 84 90 92 94 99 101
прочный 68
смартфон 1 4 7 8 9 10 11 12 13 14 15 16 17 18 19 20 21 22 23 24 25 26 27 28 29 30 31 32 33 34 35 36 37 38 39 40 41 42 43 44 45 46 47 48 49 50 51 52 53 54 55 56 57 58 59 60 61 62 63 64 65 66 67 68 69 70 71 72 73 74 75 76 77 78 79 80 81 82 83 84 85 86 87 88 89 90 91 92 93 94 95 96 97 98 99 100 101
продвинуть 20 42 52 68
пиксель 42 46 52
вместо 68 71
сумка 1 4
компьютер 1 2 3 4 5 6 7 8 9 10 11 12 13 14 15 16 17 18 19 20 21 22 23 24 25 26 27 28 29 30 31 32 33 34 35 36 37 38 39 40 41 42 43 44 45 46 47 48 49 50 51 52 53 54 55 56 57 58 59 60 61 62 63 64 65 66 67 68 69 70 71 72 73 74 75 76 77 78 79 80 81 82 83 84 85 86 87 88 89 90 91 92 93 94 95 96 97 98 99 100 101
машина 1 4
комбинированный 2
ёмкость 8 10 11 13 15 17 19 28 30 32 34 36 38 41 42 45 46 48 52 54 56 58 60 62 64 86 91 93 95 98 100
бежевый 20 21 22 24 26 42 43 46 49 50 51 52 65 66 67 68 69 70 71
сдвиг 73 75 77 79 81 83 85
возможный 46 52
свободный 1 2 3 4 5 6 7 8 9 10 11 12 13 14 15 16 17 18 19 20 21 22 23 24 25 26 27 28 29 30 31 32 33 34 35 36 37 38 39 40 41 42 43 44 45 46 47 48 49 50 51 52 53 54 55 56 57 58 59 60 61 62 63 64 65 66 67 68 69 70 71 72 73 74 75 76 77 78 79 80 81 82 83 84 85 86 87 88 89 90 91 92 93 94 95 96 97 98 99 100 101
подключение 2 3 13 15 17 19 28 30 32 34 36 38 41 45 48 54 56 58 60 62 64 73 75 77 79 81 83 85 91 93 95 100
ваш 12 14 16 18 27 29 31 33 35 37 40 44 47 53 55 57 59 61 63 72 74 76 78 80 82 84 90 92 94 99 101
устро 43 46
отвечать 52 69 70 71
реальность 68 71
ручной 1 4
моноколесо 1 4
вибро 24 26
закалённый 42
бескомпромиссный 69 70 71
часы 1 4
ядро 8 10 13 15 17 19 20 22 24 28 30 32 34 36 38 41 42 43 45 46 48 49 50 51 52 54 56 58 60 62 64 65 66 67 68 69 70 71 73 75 77 79 81 83 85 86 91 93 95 97 100
задача 1 2 3 4 5 6 7 8 9 10 11 12 13 14 15 16 17 18 19 20 21 22 23 24 25 26 27 28 29 30 31 32 33 34 35 36 37 38 39 40 41 42 43 44 45 46 47 48 49 50 51 52 53 54 55 56 57 58 59 60 61 62 63 64 65 66 67 68 69 70 71 72 73 74 75 76 77 78 79 80 81 82 83 84 85 86 87 88 89 90 91 92 93 94 95 96 97 98 99 100 101
поддержка 1 4 8 10 42 50 52 68 71 73 75 77 79 81 83 85 86 96 97 98
пылесос 1 4
страна 9 10 11 20 22 43 52 65 66 67 68 69 70 71 86
разрешать 42 52
столик 1 4
зарядка 2 3 13 15 17 19 28 30 32 34 36 38 41 42 45 46 48 52 54 56 58 60 62 64 68 71 73 75 77 79 81 83 85 91 93 95 100
автомасло 1 4
функционал 1 4
благодаря 50 52 71
команда 12 14 16 18 27 29 31 33 35 37 40 44 47 53 55 57 59 61 63 65 66 67 68 69 70 71 72 74 76 78 80 82 84 90 92 94 99 101
глубина 54 56 58 60 73 75 77 79 81 83 85
сверхпрочный 65 66 67 68 69 70 71
объём 7 8 9 10 11 13 15 17 19 20 22 24 26 42 43 46 50 51 52 65 66 67 68 69 70 71 86 91 93 95 96 98 100
картинка 42 46
трёхкратный 52
напоминать 52
придача 52
плохой 52
переход 1 4
мото 1 4
коммуникация 13 15 17 19 28 30 32 34 36 38 41 45 46 48 52 54 56 58 60 62 64 73 75 77 79 81 83 85 91 93 95 100
лишиться 46
фокусный 68 71
распоряжение 46
работа 1 2 3 4 5 6 7 8 9 10 11 12 13 14 15 16 17 18 19 20 21 22 23 24 25 26 27 28 29 30 31 32 33 34 35 36 37 38 39 40 41 42 43 44 45 46 47 48 49 50 51 52 53 54 55 56 57 58 59 60 61 62 63 64 65 66 67 68 69 70 71 72 73 74 75 76 77 78 79 80 81 82 83 84 85 86 87 88 89 90 91 92 93 94 95 96 97 98 99 100 101
как 1 2 3 4 5 6 7 8 9 10 11 12 13 14 15 16 17 18 19 20 21 22 23 24 25 26 27 28 29 30 31 32 33 34 35 36 37 38 39 40 41 42 43 44 45 46 47 48 49 50 51 52 53 54 55 56 57 58 59 60 61 62 63 64 65 66 67 68 69 70 71 72 73 74 75 76 77 78 79 80 81 82 83 84 85 86 87 88 89 90 91 92 93 94 95 96 97 98 99 100 101
генератор 1 4
менеджер 8 20 42 43 50 51 52 86 98
выше 36 38 41 45 48 52 54 56 58 60 62 64
обновление 42 46 52 68
она 52 68
млн 10 11 20 22 24 42 43 46 50 51 52
обогреватель 1 4
увеличение 54 56 58 60 65 66 67 68 69 70 71 73 75 77 79 81 83 85
ниже 68 71
улучшить 68 71
монитор 1 4
еас 10 86
шедевр 50 52
антикоррозионный 71
отсутствовать 12 14 16 18 27 28 29 30 31 32 33 34 35 36 37 38 40 41 44 45 47 48 53 54 55 56 57 58 59 60 61 62 63 64 72 73 74 75 76 77 78 79 80 81 82 83 84 85 90 92 94 99 101
разный 20 43 46
повседневный 20 42 43 46 86 97 98
подрасти 42 52
начинка 50 52
апскейлер 71
пользоваться 1 4
беспроводный 2 28 30 32 34 36 38 41 42 45 46 48 52 54 56 58 60 62 64 68 71 73 75 77 79 81 83 85
предоплата 20 22 43 46 50 51
мятный 21 22 23 24 26
устройство 42 45 46 48 52 62 64 65 66 67 68 69 70 71 91 93 95 100
китайский 43
сбоку 91 93 95 100
посетитель 1 4 12 14 16 18 27 29 31 33 35 37 40 44 47 53 55 57 59 61 63 72 74 76 78 80 82 84 90 92 94 99 101
балл 41 45 48 54 56 58 60 73 75 77 79 81 83 85
сверхширика 46
насос 1 4
гироборд 1 4
влага 8 9 10 20 22 24 26 42 46 50 52 65 66 67 68 69 70 71
угол 41 45 48 54 56 58 60 62 64
бумага 1 4
миксер 1 4
гарантия 8 9 10 20 22 24 26 42 43 46 50 52 65 66 67 68 69 70 71 86 96 97 98
фотография 8 9 10 52
замедлить 13 15 17 19 28 30 32 34 36 38 41 45 48 54 56 58 60 62 64 73 75 77 79 81 83 85
оснастить 68 71
оригинальный 68 71 73 75 77 79 81 83 85
вычислительный 8 10
универсальный 22 24 68 71
реверсивный 28 30 32 34 36 38 41 42 45 48 54 56 58 60 62 64
передача 71
серьёзно 71
каплевидный 91 93 95 100
удобно 1 2 3 4 5 6 7 8 9 10 11 12 13 14 15 16 17 18 19 20 21 22 23 24 25 26 27 28 29 30 31 32 33 34 35 36 37 38 39 40 41 42 43 44 45 46 47 48 49 50 51 52 53 54 55 56 57 58 59 60 61 62 63 64 65 66 67 68 69 70 71 72 73 74 75 76 77 78 79 80 81 82 83 84 85 86 87 88 89 90 91 92 93 94 95 96 97 98 99 100 101
отображать 42
оптить 50
аккумулятор 1 4 8 10 11 13 15 17 19 20 22 28 30 32 34 36 38 41 42 43 45 46 48 50 51 52 54 56 58 60 62 64 86 91 93 95 98 100
стедикам 1 4
любой 3 8 9 10 11 20 21 22 23 24 26 42 43 46 49 50 51 52 65 66 67 68 69 70 71 86 96 97 98
простой 43 46
клавиша 68 71
велосипед 1 4
никакой 42
вырез 71 86
принять 1 2 3 4 5 6 7 8 9 10 11 12 13 14 15 16 17 18 19 20 21 22 23 24 25 26 27 28 29 30 31 32 33 34 35 36 37 38 39 40 41 42 43 44 45 46 47 48 49 50 51 52 53 54 55 56 57 58 59 60 61 62 63 64 65 66 67 68 69 70 71 72 73 74 75 76 77 78 79 80 81 82 83 84 85 86 87 88 89 90 91 92 93 94 95 96 97 98 99 100 101
сканер 13 15 17 19 28 30 32 34 36 38 41 45 46 48 54 56 58 60 62 64 73 75 77 79 81 83 85 91 93 95 100
базовый 42 46 86 97 98
восстановить 1 2 3 4 5 6 7 8 9 10 11 12 13 14 15 16 17 18 19 20 21 22 23 24 25 26 27 28 29 30 31 32 33 34 35 36 37 38 39 40 41 42 43 44 45 46 47 48 49 50 51 52 53 54 55 56 57 58 59 60 61 62 63 64 65 66 67 68 69 70 71 72 73 74 75 76 77 78 79 80 81 82 83 84 85 86 87 88 89 90 91 92 93 94 95 96 97 98 99 100 101
связать 1 4
аудио 1 2 3 4 5 6 7 8 9 10 11 12 13 14 15 16 17 18 19 20 21 22 23 24 25 26 27 28 29 30 31 32 33 34 35 36 37 38 39 40 41 42 43 44 45 46 47 48 49 50 51 52 53 54 55 56 57 58 59 60 61 62 63 64 65 66 67 68 69 70 71 72 73 74 75 76 77 78 79 80 81 82 83 84 85 86 87 88 89 90 91 92 93 94 95 96 97 98 99 100 101
батарейка 1 4
липецк 8 10 20 24 26 42 43 50 51 52 65 66 67 68 69 70 71 86
широко 71
дисплей 1 4 7 8 9 10 11 13 15 17 19 20 21 22 23 24 25 26 28 30 32 34 36 38 39 41 42 43 45 46 48 49 50 51 52 54 56 58 60 62 64 65 66 67 68 69 70 71 73 75 77 79 81 83 85 86 87 88 89 91 93 95 96 97 98 100
только 1 4 65 66 67 68 69 70 71 73 75 77 79 81 83 85
или 1 2 3 4 5 6 7 8 9 10 11 12 13 14 15 16 17 18 19 20 21 22 23 24 25 26 27 28 29 30 31 32 33 34 35 36 37 38 39 40 41 42 43 44 45 46 47 48 49 50 51 52 53 54 55 56 57 58 59 60 61 62 63 64 65 66 67 68 69 70 71 72 73 74 75 76 77 78 79 80 81 82 83 84 85 86 87 88 89 90 91 92 93 94 95 96 97 98 99 100 101
список 1 2 3 4 5 6 7 8 9 10 11 12 13 14 15 16 17 18 19 20 21 22 23 24 25 26 27 28 29 30 31 32 33 34 35 36 37 38 39 40 41 42 43 44 45 46 47 48 49 50 51 52 53 54 55 56 57 58 59 60 61 62 63 64 65 66 67 68 69 70 71 72 73 74 75 76 77 78 79 80 81 82 83 84 85 86 87 88 89 90 91 92 93 94 95 96 97 98 99 100 101
сделать 1 4 71
произво 22
несколько 52
мелкий 1 4
яркость 13 15 17 19 36 38 42 46 52 73 75 77 79 81 83 85
тепловой 1 4
есть 2 7 20 22 24 26 42 43 46 50 51 52 65 66 67 68 69 70 71 86
выглядеть 71
сварочный 1 4
крепление 1 4
качественный 24 26
подбор 1 2 3 4 5 6 7 8 9 10 11 12 13 14 15 16 17 18 19 20 21 22 23 24 25 26 27 28 29 30 31 32 33 34 35 36 37 38 39 40 41 42 43 44 45 46 47 48 49 50 51 52 53 54 55 56 57 58 59 60 61 62 63 64 65 66 67 68 69 70 71 72 73 74 75 76 77 78 79 80 81 82 83 84 85 86 87 88 89 90 91 92 93 94 95 96 97 98 99 100 101
портативный 1 4
увлажнитель 1 4
теперь 68 71
предел 68 71
свой 1 4 12 14 16 18 27 29 31 33 35 37 40 44 47 53 55 57 59 61 63 68 71 72 74 76 78 80 82 84 90 92 94 99 101
связь 1 4 13 15 17 19 28 30 32 34 36 38 41 45 48 54 56 58 60 62 64 68 71 73 75 77 79 81 83 85 86 91 93 95 97 98 100
производство 24
сохранять 71
офис 1 4
тренажёр 1 4
факс 1 4
петербург 3 8 9 10 11 13 15 17 19 20 21 22 23 24 25 26 28 30 32 34 36 38 39 41 42 43 45 46 48 49 50 51 52 54 56 58 60 62 64 65 66 67 68 69 70 71 73 75 77 79 81 83 85 86 87 88 89 91 93 95 96 97 98 100
автокресло 1 4
владелец 12 14 16 18 27 29 31 33 35 37 40 44 47 53 55 57 59 61 63 72 74 76 78 80 82 84 90 92 94 99 101
флагманский 42 43 46
шанс 50 52
продумать 71
добавить 68 71
обновля 71
электроинструмент 1 4
изогнутый 1 4 49 50 51 52 54 56 58 60
регулировка 2
мач 13 15 17 19 28 30 32 34 36 38 41 42 45 46 48 52 54 56 58 60 62 64 91 93 95 100
пиковый 42 46 52 73 75 77 79 81 83 85
приближение 52
удилище 1 4
хлебопечка 1 4
скорее 68
стабилизатор 1 4
стандарт 13 15 17 19 28 30 32 34 36 38 41 42 45 46 48 51 52 54 56 58 60 62 64 68 73 75 77 79 81 83 85 91 93 95 100
обзавестись 42
увеличить 42
железо 42 52
обычный 68
блок 1 2 3 4 5 6 7 8 9 10 11 12 13 14 15 16 17 18 19 20 21 22 23 24 25 26 27 28 29 30 31 32 33 34 35 36 37 38 39 40 41 42 43 44 45 46 47 48 49 50 51 52 53 54 55 56 57 58 59 60 61 62 63 64 65 66 67 68 69 70 71 72 73 74 75 76 77 78 79 80 81 82 83 84 85 86 87 88 89 90 91 92 93 94 95 96 97 98 99 100 101
колонка 1 4
покрытие 1 4 68
драконовский 46
сам 68
прекратить 1 4
закладка 2 7
рассадить 46
ноутбучный 68 71
прочность 71
трассировка 71
фото 1 2 3 4 5 6 7 8 9 10 11 12 13 14 15 16 17 18 19 20 21 22 23 24 25 26 27 28 29 30 31 32 33 34 35 36 37 38 39 40 41 42 43 44 45 46 47 48 49 50 51 52 53 54 55 56 57 58 59 60 61 62 63 64 65 66 67 68 69 70 71 72 73 74 75 76 77 78 79 80 81 82 83 84 85 86 87 88 89 90 91 92 93 94 95 96 97 98 99 100 101
радиатор 1 4
руб 1 2 3 4 7 8 9 10 11 12 13 14 15 16 17 18 19 20 21 22 23 24 25 26 27 28 29 30 31 32 33 34 35 36 37 38 39 40 41 42 43 44 45 46 47 48 49 50 51 52 53 54 55 56 57 58 59 60 61 62 63 64 65 66 67 68 69 70 71 72 73 74 75 76 77 78 79 80 81 82 83 84 85 86 87 88 89 90 91 92 93 94 95 96 97 98 99 100 101
зелёный 8 9 10 20 22 24 26 42 43 46 49 50 51 52 86 96 97 98
быстрый 24 28 30 32 34 36 38 41 42 45 46 48 52 54 56 58 60 62 64 73 75 77 79 81 83 85 91 93 95 100
поколение 68 71
способ 3 8 9 10 11 20 21 22 23 24 26 42 43 46 49 50 51 52 65 66 67 68 69 70 71 86 96 97 98
предшественник 42
нагрузка 52
фон 52
инструмент 1 2 3 4 5 6 7 8 9 10 11 12 13 14 15 16 17 18 19 20 21 22 23 24 25 26 27 28 29 30 31 32 33 34 35 36 37 38 39 40 41 42 43 44 45 46 47 48 49 50 51 52 53 54 55 56 57 58 59 60 61 62 63 64 65 66 67 68 69 70 71 72 73 74 75 76 77 78 79 80 81 82 83 84 85 86 87 88 89 90 91 92 93 94 95 96 97 98 99 100 101
магазин 1 2 3 4 5 6 7 8 9 10 11 12 13 14 15 16 17 18 19 20 21 22 23 24 25 26 27 28 29 30 31 32 33 34 35 36 37 38 39 40 41 42 43 44 45 46 47 48 49 50 51 52 53 54 55 56 57 58 59 60 61 62 63 64 65 66 67 68 69 70 71 72 73 74 75 76 77 78 79 80 81 82 83 84 85 86 87 88 89 90 91 92 93 94 95 96 97 98 99 100 101
код 45 56 58 62 64 73 75 77 79 81 83 85 91 93
прошка 71
выходить 68
если 1 2 3 4 5 6 7 8 9 10 11 12 13 14 15 16 17 18 19 20 21 22 23 24 25 26 27 28 29 30 31 32 33 34 35 36 37 38 39 40 41 42 43 44 45 46 47 48 49 50 51 52 53 54 55 56 57 58 59 60 61 62 63 64 65 66 67 68 69 70 71 72 73 74 75 76 77 78 79 80 81 82 83 84 85 86 87 88 89 90 91 92 93 94 95 96 97 98 99 100 101
мпикс 8 9 10 20 22 24 26 42 43 46 50 52 65 66 67 68 69 70 71 86 96 97 98
челябинск 8 9 10 11 20 22 24 26 42 43 46 50 51 52 65 66 67 68 69 70 71 86 96 97 98
мощный 8 10 20 24 26 42 50 52 65 66 67 68 71
копейск 8 20 22 42 46 52 67 68 69 70 71 86 97
чёткость 50 52
почта 8 9 10 20 22 24 42 43 46 49 50 52 86 98
освещение 13 15 17 19 28 30 32 34 36 38 41 45 48 52 54 56 58 60 62 64 73 75 77 79 81 83 85 91 93 95 100
революционный 20 42 43 46
мятый 24 26
стекло 8 10 20 41 42 43 45 46 48 50 51 52 54 56 58 60 62 64 73 75 77 79 81 83 85
записывать 68 71
звук 1 4 71
дрон 1 4
барбекю 1 4
слот 13 15 17 19 28 30 32 34 36 38 41 42 45 48 52 54 56 58 60 62 64 73 75 77 79 81 83 85 91 93 95 100
боков 71
плита 1 4
год 8 9 10 11 20 22 24 26 42 43 46 50 52 65 66 67 68 69 70 71 86 96 97 98
оборудовать 42 46 52
район 8 9 20 22 24 46 50 51 52 65 66 67 68 69 70 71
вхшхта 36 38 41 45 48 54 56 58 60 62 64 73 75 77 79 81 83 85 91 93 95 100
клавиатура 1 4
ноутбук 1 4
аппарат 1 4 52 65 66 67 68 69 70 71
соответствовать 68
почти 1 2 3 4 5 6 7 8 9 10 11 12 13 14 15 16 17 18 19 20 21 22 23 24 25 26 27 28 29 30 31 32 33 34 35 36 37 38 39 40 41 42 43 44 45 46 47 48 49 50 51 52 53 54 55 56 57 58 59 60 61 62 63 64 65 66 67 68 69 70 71 72 73 74 75 76 77 78 79 80 81 82 83 84 85 86 87 88 89 90 91 92 93 94 95 96 97 98 99 100 101
рязань 8 10 20 24 26 42 43 50 51 52 65 66 67 68 69 70 71 86
калибровка 41 45 48 62 64
китай 43
сочный 46
адаптер 52
строительство 1 2 3 4 5 6 7 8 9 10 11 12 13 14 15 16 17 18 19 20 21 22 23 24 25 26 27 28 29 30 31 32 33 34 35 36 37 38 39 40 41 42 43 44 45 46 47 48 49 50 51 52 53 54 55 56 57 58 59 60 61 62 63 64 65 66 67 68 69 70 71 72 73 74 75 76 77 78 79 80 81 82 83 84 85 86 87 88 89 90 91 92 93 94 95 96 97 98 99 100 101
макс 13 15 17 19 91 93 95 100
металл 20 28 30 32 34 36 38 41 42 43 45 48 54 56 58 60 62 64 73 75 77 79 81 83 85
ультраширик 42 52
лёт 52
гбитый 71
выгодный 1 2 3 4 5 6 7 8 9 10 11 12 13 14 15 16 17 18 19 20 21 22 23 24 25 26 27 28 29 30 31 32 33 34 35 36 37 38 39 40 41 42 43 44 45 46 47 48 49 50 51 52 53 54 55 56 57 58 59 60 61 62 63 64 65 66 67 68 69 70 71 72 73 74 75 76 77 78 79 80 81 82 83 84 85 86 87 88 89 90 91 92 93 94 95 96 97 98 99 100 101
полностью 1 2 3 4 5 6 7 8 9 10 11 12 13 14 15 16 17 18 19 20 21 22 23 24 25 26 27 28 29 30 31 32 33 34 35 36 37 38 39 40 41 42 43 44 45 46 47 48 49 50 51 52 53 54 55 56 57 58 59 60 61 62 63 64 65 66 67 68 69 70 71 72 73 74 75 76 77 78 79 80 81 82 83 84 85 86 87 88 89 90 91 92 93 94 95 96 97 98 99 100 101
премиум 20 43 46 50 52
поддерживать 42 46 52 65 66 67 68 69 70 71
нит 13 15 17 19 36 38 42 46 52 73 75 77 79 81 83 85
расширение 42 52
встречать 49 50 51 52
перископный 54 56 58 60
прислать 68
